"D","coefficient_distance","coefficient_refit_distance","fit_distance","refit_distance","names","id","prft","false_positives","false_negatives","noise","coefficient_probability","regression_model","normal_samples","coefficients"
0.261752598767743,2.22775333403227,1.01547674932221,38.831541793119,17.7788160342705,"Federov with Uniform Sample","2818915f-8b11-41e9-8cda-4436f7fc0792",0.1,22,0,1,0.15,"linear",0,61
0.562358245440187,1.35207108061762,1.11140593331972,25.2410366541124,20.825934278368,"Federov with Biased Sample","2818915f-8b11-41e9-8cda-4436f7fc0792",0.1,39,0,1,0.15,"linear",0,61
0.262417647179283,5.27511455739699,3.03950810783111,99.6250000514703,54.457737784571,"Federov with Uniform Sample","2818915f-8b11-41e9-8cda-4436f7fc0792",0.1,16,0,2,0.15,"linear",0,61
0.543516582959451,3.47195732276764,3.0277741231694,64.7555012236325,54.8893935786347,"Federov with Biased Sample","2818915f-8b11-41e9-8cda-4436f7fc0792",0.1,22,1,2,0.15,"linear",0,61
0.260786352998676,10.7247650187182,5.54147649464464,197.551677584329,104.95096262183,"Federov with Uniform Sample","2818915f-8b11-41e9-8cda-4436f7fc0792",0.1,13,2,4,0.15,"linear",0,61
0.550848920804263,8.28130353807853,6.69016416411697,158.66829754768,118.862039397968,"Federov with Biased Sample","2818915f-8b11-41e9-8cda-4436f7fc0792",0.1,11,3,4,0.15,"linear",0,61
0.254727389035327,17.1655444126214,10.749931629693,304.813490501915,199.263525657203,"Federov with Uniform Sample","2818915f-8b11-41e9-8cda-4436f7fc0792",0.1,12,5,8,0.15,"linear",0,61
0.556607020385667,13.0849248354352,6.4932655038632,246.407878277904,119.066650933511,"Federov with Biased Sample","2818915f-8b11-41e9-8cda-4436f7fc0792",0.1,10,4,8,0.15,"linear",0,61
0.259993028882781,37.3818060165458,18.5366051260355,674.283382323507,349.502856645077,"Federov with Uniform Sample","2818915f-8b11-41e9-8cda-4436f7fc0792",0.1,7,7,16,0.15,"linear",0,61
0.552332137999413,34.1338590506378,15.276858306787,619.087259097016,276.302366358478,"Federov with Biased Sample","2818915f-8b11-41e9-8cda-4436f7fc0792",0.1,11,6,16,0.15,"linear",0,61
0.261711187570814,89.3015723874526,58.9337309504785,1641.52102079134,1086.95912005896,"Federov with Uniform Sample","2818915f-8b11-41e9-8cda-4436f7fc0792",0.1,21,5,32,0.15,"linear",0,61
0.552219571164281,47.5395683644669,20.9043554207573,852.365075736818,394.385135300669,"Federov with Biased Sample","2818915f-8b11-41e9-8cda-4436f7fc0792",0.1,4,8,32,0.15,"linear",0,61
0.256486403340361,139.751456392616,57.172888237275,2634.62137718963,1018.06153019193,"Federov with Uniform Sample","2818915f-8b11-41e9-8cda-4436f7fc0792",0.1,4,7,64,0.15,"linear",0,61
0.555934471909959,115.883846234061,35.3533432226332,2133.862770694,648.389628291957,"Federov with Biased Sample","2818915f-8b11-41e9-8cda-4436f7fc0792",0.1,5,8,64,0.15,"linear",0,61
0.257540496002242,2.02217210425153,1.38103049973039,37.4440932240304,25.9267038975891,"Federov with Uniform Sample","2818915f-8b11-41e9-8cda-4436f7fc0792",0.01,23,0,1,0.15,"linear",0,61
0.56330231046143,1.65286061930037,0.870726725966392,31.4580284718823,16.3590444201289,"Federov with Biased Sample","2818915f-8b11-41e9-8cda-4436f7fc0792",0.01,21,0,1,0.15,"linear",0,61
0.255201178303889,5.12554511834646,4.92384889378994,97.4056260172093,91.4324663230653,"Federov with Uniform Sample","2818915f-8b11-41e9-8cda-4436f7fc0792",0.01,6,3,2,0.15,"linear",0,61
0.551483332012383,3.04039406032624,1.31553092369322,54.8351996436214,25.6055149275925,"Federov with Biased Sample","2818915f-8b11-41e9-8cda-4436f7fc0792",0.01,14,0,2,0.15,"linear",0,61
0.260203737100888,9.45459123293004,7.26994240295627,174.585720135623,131.119072578342,"Federov with Uniform Sample","2818915f-8b11-41e9-8cda-4436f7fc0792",0.01,1,7,4,0.15,"linear",0,61
0.56618359434707,6.29016271307585,3.28816611983749,109.100985253274,58.3385025389489,"Federov with Biased Sample","2818915f-8b11-41e9-8cda-4436f7fc0792",0.01,6,1,4,0.15,"linear",0,61
0.258920915101951,15.2118426176249,5.77825222989849,274.144810712234,108.286884945722,"Federov with Uniform Sample","2818915f-8b11-41e9-8cda-4436f7fc0792",0.01,1,5,8,0.15,"linear",0,61
0.550789445180504,13.3587396823167,8.20995087284256,244.901947154676,152.78246296898,"Federov with Biased Sample","2818915f-8b11-41e9-8cda-4436f7fc0792",0.01,2,7,8,0.15,"linear",0,61
0.256723329141421,32.322231472233,32.322231472233,604.275551480558,604.275551480558,"Federov with Uniform Sample","2818915f-8b11-41e9-8cda-4436f7fc0792",0.01,53,0,16,0.15,"linear",0,61
0.551991314780879,27.0191545052743,7.35609515239831,486.894450956186,133.954630755516,"Federov with Biased Sample","2818915f-8b11-41e9-8cda-4436f7fc0792",0.01,3,6,16,0.15,"linear",0,61
0.262356483742033,80.4903125009597,80.4903125009597,1512.03418647041,1512.03418647041,"Federov with Uniform Sample","2818915f-8b11-41e9-8cda-4436f7fc0792",0.01,53,0,32,0.15,"linear",0,61
0.568526698567634,60.4678358417262,18.9357534195093,1196.14736365677,355.413230517545,"Federov with Biased Sample","2818915f-8b11-41e9-8cda-4436f7fc0792",0.01,2,6,32,0.15,"linear",0,61
0.257573490129495,140.488598726119,140.488598726119,2517.70790303615,2517.70790303615,"Federov with Uniform Sample","2818915f-8b11-41e9-8cda-4436f7fc0792",0.01,53,0,64,0.15,"linear",0,61
0.552248622810898,80.0998810879314,80.0998810879314,1507.97284939296,1507.97284939296,"Federov with Biased Sample","2818915f-8b11-41e9-8cda-4436f7fc0792",0.01,53,0,64,0.15,"linear",0,61
0.262455596000346,2.79536674475086,0.783947434887819,51.063274854408,14.2109302712199,"Federov with Uniform Sample","2818915f-8b11-41e9-8cda-4436f7fc0792",0.001,9,0,1,0.15,"linear",0,61
0.547635367330869,1.42905001856805,2.96099147863409,26.0887709155313,54.7249479601754,"Federov with Biased Sample","2818915f-8b11-41e9-8cda-4436f7fc0792",0.001,23,2,1,0.15,"linear",0,61
0.2559226319452,3.60996500332759,3.92379380225361,68.1117763719583,71.7534624289866,"Federov with Uniform Sample","2818915f-8b11-41e9-8cda-4436f7fc0792",0.001,3,3,2,0.15,"linear",0,61
0.558430853587627,3.80538767728341,2.00842682947868,69.2561606070613,36.5770286708415,"Federov with Biased Sample","2818915f-8b11-41e9-8cda-4436f7fc0792",0.001,2,1,2,0.15,"linear",0,61
0.265387561173266,10.0375865701299,8.10384540316915,185.534160273187,148.118788832235,"Federov with Uniform Sample","2818915f-8b11-41e9-8cda-4436f7fc0792",0.001,3,7,4,0.15,"linear",0,61
0.558824289173475,5.42628538443147,4.89551093863,98.5064182381465,86.1883175771743,"Federov with Biased Sample","2818915f-8b11-41e9-8cda-4436f7fc0792",0.001,2,5,4,0.15,"linear",0,61
0.260585186781384,19.9399128464449,8.06781100327814,367.588440067584,149.434943852101,"Federov with Uniform Sample","2818915f-8b11-41e9-8cda-4436f7fc0792",0.001,1,7,8,0.15,"linear",0,61
0.562831214952189,12.4249786023781,12.4249786023781,219.475698738169,219.475698738169,"Federov with Biased Sample","2818915f-8b11-41e9-8cda-4436f7fc0792",0.001,53,0,8,0.15,"linear",0,61
0.257027482758231,42.5748523098693,42.5748523098693,793.676656304672,793.676656304672,"Federov with Uniform Sample","2818915f-8b11-41e9-8cda-4436f7fc0792",0.001,53,0,16,0.15,"linear",0,61
0.553955824605232,23.5251770924708,23.5251770924708,430.994044524026,430.994044524026,"Federov with Biased Sample","2818915f-8b11-41e9-8cda-4436f7fc0792",0.001,53,0,16,0.15,"linear",0,61
0.256995194155288,73.4361071313937,73.4361071313937,1310.20907608162,1310.20907608162,"Federov with Uniform Sample","2818915f-8b11-41e9-8cda-4436f7fc0792",0.001,53,0,32,0.15,"linear",0,61
0.560324216235156,52.4400106492748,52.4400106492748,964.554868715455,964.554868715455,"Federov with Biased Sample","2818915f-8b11-41e9-8cda-4436f7fc0792",0.001,53,0,32,0.15,"linear",0,61
0.263138383194419,149.189943451788,149.189943451788,2748.5038359214,2748.5038359214,"Federov with Uniform Sample","2818915f-8b11-41e9-8cda-4436f7fc0792",0.001,53,0,64,0.15,"linear",0,61
0.559705793658129,95.8653673921083,95.8653673921083,1797.69045487318,1797.69045487318,"Federov with Biased Sample","2818915f-8b11-41e9-8cda-4436f7fc0792",0.001,53,0,64,0.15,"linear",0,61
0.108088110442716,3.339667628916,2.40449921916862,41.5071750267519,26.0568344673138,"Federov with Uniform Sample","b1c4bbde-dfb4-4a49-8dd2-da3c828a5ff8",0.1,56,0,1,0.15,"quadratic",0.08,121
0.164785501167041,4.14737050388315,1.97756480178649,48.8990497084691,26.3176764497415,"Federov with Biased Sample","b1c4bbde-dfb4-4a49-8dd2-da3c828a5ff8",0.1,76,0,1,0.15,"quadratic",0.08,121
0.108199129832064,10.409997991412,7.59845292331332,116.561298385775,79.7141623855481,"Federov with Uniform Sample","b1c4bbde-dfb4-4a49-8dd2-da3c828a5ff8",0.1,25,5,2,0.15,"quadratic",0.08,121
0.165467915037903,9.12015182409759,4.14237113001262,109.899658647778,48.4947078092044,"Federov with Biased Sample","b1c4bbde-dfb4-4a49-8dd2-da3c828a5ff8",0.1,50,1,2,0.15,"quadratic",0.08,121
0.108335460098257,19.1637469387521,10.9464346544676,233.811637475956,124.576778438873,"Federov with Uniform Sample","b1c4bbde-dfb4-4a49-8dd2-da3c828a5ff8",0.1,21,5,4,0.15,"quadratic",0.08,121
0.164789554038659,15.4968256310559,7.46500512125549,185.410024128441,95.3989902000387,"Federov with Biased Sample","b1c4bbde-dfb4-4a49-8dd2-da3c828a5ff8",0.1,12,5,4,0.15,"quadratic",0.08,121
0.110255412963878,39.7540866269249,14.8520301534097,473.222264889756,175.678933755889,"Federov with Uniform Sample","b1c4bbde-dfb4-4a49-8dd2-da3c828a5ff8",0.1,10,11,8,0.15,"quadratic",0.08,121
0.164789904625307,34.1028980215184,10.5245171988172,386.462185991523,156.007743894433,"Federov with Biased Sample","b1c4bbde-dfb4-4a49-8dd2-da3c828a5ff8",0.1,7,8,8,0.15,"quadratic",0.08,121
0.10860497749754,87.8076365508017,24.0612338518235,994.361125692138,296.604182268575,"Federov with Uniform Sample","b1c4bbde-dfb4-4a49-8dd2-da3c828a5ff8",0.1,8,11,16,0.15,"quadratic",0.08,121
0.163752064880911,66.1330284886505,25.1330048634959,785.992165210347,334.658174290973,"Federov with Biased Sample","b1c4bbde-dfb4-4a49-8dd2-da3c828a5ff8",0.1,19,9,16,0.15,"quadratic",0.08,121
0.108504080030717,213.000292894496,77.1572347732551,1892.28818052235,798.106377030788,"Federov with Uniform Sample","b1c4bbde-dfb4-4a49-8dd2-da3c828a5ff8",0.1,22,8,32,0.15,"quadratic",0.08,121
0.164173306547782,109.495269361395,67.9842666846767,1469.5216126675,992.234475092629,"Federov with Biased Sample","b1c4bbde-dfb4-4a49-8dd2-da3c828a5ff8",0.1,50,4,32,0.15,"quadratic",0.08,121
0.108842330394937,255.815164266694,27.8530543253779,2968.78238691165,325.624878644679,"Federov with Uniform Sample","b1c4bbde-dfb4-4a49-8dd2-da3c828a5ff8",0.1,2,15,64,0.15,"quadratic",0.08,121
0.164811609785985,236.729264834448,97.2396308014551,2981.43763689094,1228.38791868461,"Federov with Biased Sample","b1c4bbde-dfb4-4a49-8dd2-da3c828a5ff8",0.1,15,15,64,0.15,"quadratic",0.08,121
0.107651574838209,5.50982670830519,3.92445035621451,68.4205908840771,37.6503977995275,"Federov with Uniform Sample","b1c4bbde-dfb4-4a49-8dd2-da3c828a5ff8",0.01,45,2,1,0.15,"quadratic",0.08,121
0.165398261247098,3.85755677872041,2.30843682244325,47.9262909450855,27.8459822941036,"Federov with Biased Sample","b1c4bbde-dfb4-4a49-8dd2-da3c828a5ff8",0.01,38,1,1,0.15,"quadratic",0.08,121
0.108827417306681,9.89242235373438,5.86141034526651,120.325965441897,68.9990466153791,"Federov with Uniform Sample","b1c4bbde-dfb4-4a49-8dd2-da3c828a5ff8",0.01,19,5,2,0.15,"quadratic",0.08,121
0.165137956013772,8.12470907262862,5.22821021898307,96.2125539739115,61.5421588809676,"Federov with Biased Sample","b1c4bbde-dfb4-4a49-8dd2-da3c828a5ff8",0.01,31,3,2,0.15,"quadratic",0.08,121
0.108669622224419,16.6942517771128,10.8984582410215,207.525376038032,104.667945750362,"Federov with Uniform Sample","b1c4bbde-dfb4-4a49-8dd2-da3c828a5ff8",0.01,4,8,4,0.15,"quadratic",0.08,121
0.166429898280643,13.677819339387,5.8175511528143,161.937331992586,78.2179894602539,"Federov with Biased Sample","b1c4bbde-dfb4-4a49-8dd2-da3c828a5ff8",0.01,8,4,4,0.15,"quadratic",0.08,121
0.108497491952982,41.1429827776152,12.0141016167997,474.12373930386,144.704792909928,"Federov with Uniform Sample","b1c4bbde-dfb4-4a49-8dd2-da3c828a5ff8",0.01,2,12,8,0.15,"quadratic",0.08,121
0.16542423634593,34.3245061173255,13.4413818694014,430.923248890415,183.06580627991,"Federov with Biased Sample","b1c4bbde-dfb4-4a49-8dd2-da3c828a5ff8",0.01,4,11,8,0.15,"quadratic",0.08,121
0.110383163381475,80.6098433895559,80.6098433895559,969.885112514194,969.885112514194,"Federov with Uniform Sample","b1c4bbde-dfb4-4a49-8dd2-da3c828a5ff8",0.01,106,0,16,0.15,"quadratic",0.08,121
0.165813778239795,78.3938883346919,14.584401645612,952.225297072865,215.257787564292,"Federov with Biased Sample","b1c4bbde-dfb4-4a49-8dd2-da3c828a5ff8",0.01,1,14,16,0.15,"quadratic",0.08,121
0.108178351600305,159.391289508863,20.2360584721358,1742.16681430044,255.741611951007,"Federov with Uniform Sample","b1c4bbde-dfb4-4a49-8dd2-da3c828a5ff8",0.01,1,14,32,0.15,"quadratic",0.08,121
0.164841502153569,109.464841325303,109.464841325303,1403.81961525744,1403.81961525744,"Federov with Biased Sample","b1c4bbde-dfb4-4a49-8dd2-da3c828a5ff8",0.01,106,0,32,0.15,"quadratic",0.08,121
0.109249152080046,300.970705839131,107.161379336978,3458.97661726706,1384.26673419001,"Federov with Uniform Sample","b1c4bbde-dfb4-4a49-8dd2-da3c828a5ff8",0.01,14,12,64,0.15,"quadratic",0.08,121
0.165248370193402,301.727711534477,301.727711534477,3621.68364319477,3621.68364319477,"Federov with Biased Sample","b1c4bbde-dfb4-4a49-8dd2-da3c828a5ff8",0.01,106,0,64,0.15,"quadratic",0.08,121
0.108944762221596,4.6532336972564,2.79927973185317,53.4382849186827,38.6296383093049,"Federov with Uniform Sample","b1c4bbde-dfb4-4a49-8dd2-da3c828a5ff8",0.001,31,1,1,0.15,"quadratic",0.08,121
0.165450659521516,3.9778426963614,2.3446495400231,51.5822930317907,28.7888060996807,"Federov with Biased Sample","b1c4bbde-dfb4-4a49-8dd2-da3c828a5ff8",0.001,36,1,1,0.15,"quadratic",0.08,121
0.108217692834701,10.8526149974721,7.13461355042571,126.959610425965,65.4308228353568,"Federov with Uniform Sample","b1c4bbde-dfb4-4a49-8dd2-da3c828a5ff8",0.001,6,5,2,0.15,"quadratic",0.08,121
0.164783051490707,7.72578254610863,10.3331201312588,87.1468304713651,116.098639245503,"Federov with Biased Sample","b1c4bbde-dfb4-4a49-8dd2-da3c828a5ff8",0.001,13,8,2,0.15,"quadratic",0.08,121
0.108277885917315,22.2426936987495,10.1432924113737,253.730159282306,118.121296626291,"Federov with Uniform Sample","b1c4bbde-dfb4-4a49-8dd2-da3c828a5ff8",0.001,4,7,4,0.15,"quadratic",0.08,121
0.163721582875157,21.964964579132,8.22672446948024,247.716577712227,100.592289474325,"Federov with Biased Sample","b1c4bbde-dfb4-4a49-8dd2-da3c828a5ff8",0.001,1,8,4,0.15,"quadratic",0.08,121
0.11038410222913,34.2208284433787,13.9682890884377,381.196134700403,196.951210994228,"Federov with Uniform Sample","b1c4bbde-dfb4-4a49-8dd2-da3c828a5ff8",0.001,1,14,8,0.15,"quadratic",0.08,121
0.164176142929311,31.3195215951845,12.990754755774,377.705596553273,174.662476319898,"Federov with Biased Sample","b1c4bbde-dfb4-4a49-8dd2-da3c828a5ff8",0.001,3,13,8,0.15,"quadratic",0.08,121
0.107789767875825,77.4736612627354,77.4736612627354,938.137747403205,938.137747403205,"Federov with Uniform Sample","b1c4bbde-dfb4-4a49-8dd2-da3c828a5ff8",0.001,106,0,16,0.15,"quadratic",0.08,121
0.16304675620064,67.5507105958521,67.5507105958521,742.493154679067,742.493154679067,"Federov with Biased Sample","b1c4bbde-dfb4-4a49-8dd2-da3c828a5ff8",0.001,106,0,16,0.15,"quadratic",0.08,121
0.108078902789585,148.535644745006,148.535644745006,1773.71893978157,1773.71893978157,"Federov with Uniform Sample","b1c4bbde-dfb4-4a49-8dd2-da3c828a5ff8",0.001,106,0,32,0.15,"quadratic",0.08,121
0.164975383948459,139.297429448739,139.297429448739,1709.67242476607,1709.67242476607,"Federov with Biased Sample","b1c4bbde-dfb4-4a49-8dd2-da3c828a5ff8",0.001,106,0,32,0.15,"quadratic",0.08,121
0.109111022791787,381.333250995026,381.333250995026,4038.78587696799,4038.78587696799,"Federov with Uniform Sample","b1c4bbde-dfb4-4a49-8dd2-da3c828a5ff8",0.001,106,0,64,0.15,"quadratic",0.08,121
0.165191302268859,257.775969816731,257.775969816731,3302.88543209867,3302.88543209867,"Federov with Biased Sample","b1c4bbde-dfb4-4a49-8dd2-da3c828a5ff8",0.001,106,0,64,0.15,"quadratic",0.08,121
0.260304282076625,2.05332824778549,1.6768449109909,37.9919692771039,31.4575618308363,"Federov with Uniform Sample","a97e0609-3e82-45df-a61e-7919ceab21e3",0.1,30,0,1,0.15,"linear",0,61
0.556974306752947,1.6071244440473,1.27307796483073,29.8220245548286,23.1421774745491,"Federov with Biased Sample","a97e0609-3e82-45df-a61e-7919ceab21e3",0.1,41,0,1,0.15,"linear",0,61
0.260191730703369,5.58220712192583,4.58403421671867,103.026577338909,83.0710867309198,"Federov with Uniform Sample","a97e0609-3e82-45df-a61e-7919ceab21e3",0.1,35,0,2,0.15,"linear",0,61
0.552022593139468,2.85779929305212,2.86231578668892,54.6740001411385,54.3096038069688,"Federov with Biased Sample","a97e0609-3e82-45df-a61e-7919ceab21e3",0.1,40,0,2,0.15,"linear",0,61
0.258503145832823,7.49120845400199,4.08273845390329,133.400990689093,75.8458825155029,"Federov with Uniform Sample","a97e0609-3e82-45df-a61e-7919ceab21e3",0.1,12,1,4,0.15,"linear",0,61
0.551667223046439,5.49107432537334,4.25002005091786,92.9603659216954,71.0252406643861,"Federov with Biased Sample","a97e0609-3e82-45df-a61e-7919ceab21e3",0.1,31,0,4,0.15,"linear",0,61
0.251603410549342,18.7079173724598,14.9777719606689,343.440559627171,275.448207234466,"Federov with Uniform Sample","a97e0609-3e82-45df-a61e-7919ceab21e3",0.1,9,6,8,0.15,"linear",0,61
0.553197415169828,13.4376445663261,10.5423827952545,254.148256137639,198.336683361369,"Federov with Biased Sample","a97e0609-3e82-45df-a61e-7919ceab21e3",0.1,5,4,8,0.15,"linear",0,61
0.254560536972458,46.1490450680077,20.1573611332942,847.027670348702,376.680621865153,"Federov with Uniform Sample","a97e0609-3e82-45df-a61e-7919ceab21e3",0.1,12,6,16,0.15,"linear",0,61
0.564514088181111,23.9045413973788,11.2929483218597,470.077076005512,241.581586399801,"Federov with Biased Sample","a97e0609-3e82-45df-a61e-7919ceab21e3",0.1,3,4,16,0.15,"linear",0,61
0.260983734414558,64.4030668619024,25.4445955702062,1251.23794647094,505.324907392312,"Federov with Uniform Sample","a97e0609-3e82-45df-a61e-7919ceab21e3",0.1,3,6,32,0.15,"linear",0,61
0.556520277224307,46.0203214894849,35.7615519806162,848.775239129949,666.405817731362,"Federov with Biased Sample","a97e0609-3e82-45df-a61e-7919ceab21e3",0.1,6,8,32,0.15,"linear",0,61
0.260165849083511,128.577827573448,28.6488888467973,2281.02506518863,521.016589392091,"Federov with Uniform Sample","a97e0609-3e82-45df-a61e-7919ceab21e3",0.1,2,8,64,0.15,"linear",0,61
0.559608192499464,101.943681754968,58.9847938390469,1889.09043571037,1089.38623461696,"Federov with Biased Sample","a97e0609-3e82-45df-a61e-7919ceab21e3",0.1,14,6,64,0.15,"linear",0,61
0.258666365128818,2.08541463918763,1.42553639836078,37.4174426828539,25.416873014608,"Federov with Uniform Sample","a97e0609-3e82-45df-a61e-7919ceab21e3",0.01,24,0,1,0.15,"linear",0,61
0.555311275415655,1.65678042133618,1.08543453693413,29.9948745874799,20.7078534011176,"Federov with Biased Sample","a97e0609-3e82-45df-a61e-7919ceab21e3",0.01,25,0,1,0.15,"linear",0,61
0.259390628901599,4.1085393999638,4.0860426785314,74.5316203256095,75.5705480837257,"Federov with Uniform Sample","a97e0609-3e82-45df-a61e-7919ceab21e3",0.01,11,1,2,0.15,"linear",0,61
0.557124485267267,3.17384610505417,2.52239861682861,59.5080172339006,47.4666059371556,"Federov with Biased Sample","a97e0609-3e82-45df-a61e-7919ceab21e3",0.01,17,1,2,0.15,"linear",0,61
0.263953780546134,7.10854309342119,5.99147982340033,128.24392977437,114.362702481987,"Federov with Uniform Sample","a97e0609-3e82-45df-a61e-7919ceab21e3",0.01,4,3,4,0.15,"linear",0,61
0.559330237161031,6.6615987806909,2.67640243299016,123.123383331622,54.8215782142676,"Federov with Biased Sample","a97e0609-3e82-45df-a61e-7919ceab21e3",0.01,8,0,4,0.15,"linear",0,61
0.26184751534041,19.6621568912694,19.6621568912694,351.943047472189,351.943047472189,"Federov with Uniform Sample","a97e0609-3e82-45df-a61e-7919ceab21e3",0.01,52,0,8,0.15,"linear",0,61
0.564859592621423,11.0603206509065,7.90055652059983,199.907746743024,154.947929827206,"Federov with Biased Sample","a97e0609-3e82-45df-a61e-7919ceab21e3",0.01,0,5,8,0.15,"linear",0,61
0.260090826865598,34.597175509473,34.597175509473,631.075960189369,631.075960189369,"Federov with Uniform Sample","a97e0609-3e82-45df-a61e-7919ceab21e3",0.01,52,0,16,0.15,"linear",0,61
0.553168631241056,22.5369919840874,11.0435721319421,414.642190224315,215.466439692498,"Federov with Biased Sample","a97e0609-3e82-45df-a61e-7919ceab21e3",0.01,0,7,16,0.15,"linear",0,61
0.263510568227015,70.8277808910131,70.8277808910131,1288.06621804737,1288.06621804737,"Federov with Uniform Sample","a97e0609-3e82-45df-a61e-7919ceab21e3",0.01,52,0,32,0.15,"linear",0,61
0.551892701442449,41.07809403522,41.07809403522,754.447341325004,754.447341325004,"Federov with Biased Sample","a97e0609-3e82-45df-a61e-7919ceab21e3",0.01,52,0,32,0.15,"linear",0,61
0.254962467292685,159.602515274744,55.2353024273212,2957.57897154199,1015.63621648659,"Federov with Uniform Sample","a97e0609-3e82-45df-a61e-7919ceab21e3",0.01,3,8,64,0.15,"linear",0,61
0.550710891794422,103.6773862891,103.6773862891,1919.62319638388,1919.62319638388,"Federov with Biased Sample","a97e0609-3e82-45df-a61e-7919ceab21e3",0.01,52,0,64,0.15,"linear",0,61
0.258656811334165,1.87750152436085,1.05445065561126,33.2947612060999,19.4357728708032,"Federov with Uniform Sample","a97e0609-3e82-45df-a61e-7919ceab21e3",0.001,22,0,1,0.15,"linear",0,61
0.553766904190877,1.55058274743205,2.1190760477132,28.5783639352122,39.4184106145309,"Federov with Biased Sample","a97e0609-3e82-45df-a61e-7919ceab21e3",0.001,23,1,1,0.15,"linear",0,61
0.257918352016597,3.43318267100274,3.45403016992527,62.2306393990758,62.7837649769759,"Federov with Uniform Sample","a97e0609-3e82-45df-a61e-7919ceab21e3",0.001,5,2,2,0.15,"linear",0,61
0.560624314789879,3.17224149163425,2.52776552543789,59.4870876913394,46.5655874476644,"Federov with Biased Sample","a97e0609-3e82-45df-a61e-7919ceab21e3",0.001,14,1,2,0.15,"linear",0,61
0.25823729491963,13.4079491710016,10.7736929833105,237.614406200656,197.125547713828,"Federov with Uniform Sample","a97e0609-3e82-45df-a61e-7919ceab21e3",0.001,0,7,4,0.15,"linear",0,61
0.5514373564283,7.7016193443187,5.37806948252246,145.106083676342,96.2865948482642,"Federov with Biased Sample","a97e0609-3e82-45df-a61e-7919ceab21e3",0.001,0,4,4,0.15,"linear",0,61
0.260245126345057,17.2455997739542,17.2455997739542,306.508358430711,306.508358430711,"Federov with Uniform Sample","a97e0609-3e82-45df-a61e-7919ceab21e3",0.001,52,0,8,0.15,"linear",0,61
0.551067842314323,12.8170060603638,9.94327035063493,233.617019174885,191.335399590216,"Federov with Biased Sample","a97e0609-3e82-45df-a61e-7919ceab21e3",0.001,1,6,8,0.15,"linear",0,61
0.264177414869125,41.6495778161391,41.6495778161391,796.914021737041,796.914021737041,"Federov with Uniform Sample","a97e0609-3e82-45df-a61e-7919ceab21e3",0.001,52,0,16,0.15,"linear",0,61
0.551390807186979,24.1474386682271,9.34070471296987,453.118293706348,171.134357579768,"Federov with Biased Sample","a97e0609-3e82-45df-a61e-7919ceab21e3",0.001,0,6,16,0.15,"linear",0,61
0.26408257485456,57.0229830829618,57.0229830829618,1035.61312452414,1035.61312452414,"Federov with Uniform Sample","a97e0609-3e82-45df-a61e-7919ceab21e3",0.001,52,0,32,0.15,"linear",0,61
0.551779863551209,46.7879402528252,46.7879402528252,843.559215379522,843.559215379522,"Federov with Biased Sample","a97e0609-3e82-45df-a61e-7919ceab21e3",0.001,52,0,32,0.15,"linear",0,61
0.262797154680963,156.643239940459,156.643239940459,2888.89906949719,2888.89906949719,"Federov with Uniform Sample","a97e0609-3e82-45df-a61e-7919ceab21e3",0.001,52,0,64,0.15,"linear",0,61
0.558124697178361,101.784898653442,101.784898653442,1895.93499116595,1895.93499116595,"Federov with Biased Sample","a97e0609-3e82-45df-a61e-7919ceab21e3",0.001,52,0,64,0.15,"linear",0,61
0.108566373099311,5.50183107394055,2.11368827159211,59.0741744308937,26.6782814516326,"Federov with Uniform Sample","e20040d3-fcab-4fda-aaf5-7c6167309879",0.1,56,0,1,0.15,"quadratic",0.08,121
0.164653182277627,3.74632369007103,6.59668735790234,43.4239617549435,76.5086141349811,"Federov with Biased Sample","e20040d3-fcab-4fda-aaf5-7c6167309879",0.1,63,2,1,0.15,"quadratic",0.08,121
0.110278104752989,10.3181537964144,6.37493607408177,113.715563916768,61.4637075785613,"Federov with Uniform Sample","e20040d3-fcab-4fda-aaf5-7c6167309879",0.1,58,0,2,0.15,"quadratic",0.08,121
0.164303449170204,9.56076492305217,5.67287066022189,112.772076427846,73.6138830586748,"Federov with Biased Sample","e20040d3-fcab-4fda-aaf5-7c6167309879",0.1,63,0,2,0.15,"quadratic",0.08,121
0.107420528123563,18.6838302001943,8.88786988877552,231.931088725642,103.986628008995,"Federov with Uniform Sample","e20040d3-fcab-4fda-aaf5-7c6167309879",0.1,30,5,4,0.15,"quadratic",0.08,121
0.164532507780876,14.5060906239061,7.05913990674575,167.428128579445,111.270409568143,"Federov with Biased Sample","e20040d3-fcab-4fda-aaf5-7c6167309879",0.1,36,1,4,0.15,"quadratic",0.08,121
0.109617110505073,44.0725761061867,25.8410028553769,498.843104871315,291.030579844054,"Federov with Uniform Sample","e20040d3-fcab-4fda-aaf5-7c6167309879",0.1,34,5,8,0.15,"quadratic",0.08,121
0.165530776590381,32.1580063419179,16.0665507423896,358.257828755762,186.535174996994,"Federov with Biased Sample","e20040d3-fcab-4fda-aaf5-7c6167309879",0.1,8,9,8,0.15,"quadratic",0.08,121
0.108017871993018,98.4876906217174,27.7399834329458,1112.29182443428,334.98269848181,"Federov with Uniform Sample","e20040d3-fcab-4fda-aaf5-7c6167309879",0.1,12,12,16,0.15,"quadratic",0.08,121
0.163857028514114,78.6710179456632,28.1829232115161,953.796456167155,369.828898029944,"Federov with Biased Sample","e20040d3-fcab-4fda-aaf5-7c6167309879",0.1,12,12,16,0.15,"quadratic",0.08,121
0.109635622279898,145.877328214411,43.0308151812341,1741.16543981779,580.742836138347,"Federov with Uniform Sample","e20040d3-fcab-4fda-aaf5-7c6167309879",0.1,6,16,32,0.15,"quadratic",0.08,121
0.165348211658885,129.498269212139,38.0306714309827,1583.67533032353,587.506661874082,"Federov with Biased Sample","e20040d3-fcab-4fda-aaf5-7c6167309879",0.1,10,16,32,0.15,"quadratic",0.08,121
0.107868929301712,288.946800859306,129.587109399798,3227.45442986818,1495.30719510642,"Federov with Uniform Sample","e20040d3-fcab-4fda-aaf5-7c6167309879",0.1,33,11,64,0.15,"quadratic",0.08,121
0.164312107215498,272.052499014625,55.813076064081,3217.44462139094,762.407125939716,"Federov with Biased Sample","e20040d3-fcab-4fda-aaf5-7c6167309879",0.1,8,13,64,0.15,"quadratic",0.08,121
0.10992091367817,5.11266000187602,2.78016984593722,58.5881191449217,39.644836431959,"Federov with Uniform Sample","e20040d3-fcab-4fda-aaf5-7c6167309879",0.01,43,1,1,0.15,"quadratic",0.08,121
0.163620427380437,5.07609188491509,2.66044112202395,59.2724603621719,31.8680910354487,"Federov with Biased Sample","e20040d3-fcab-4fda-aaf5-7c6167309879",0.01,35,1,1,0.15,"quadratic",0.08,121
0.10868539491548,10.7639379515223,4.16507186523196,112.757717444804,60.1189654817408,"Federov with Uniform Sample","e20040d3-fcab-4fda-aaf5-7c6167309879",0.01,17,3,2,0.15,"quadratic",0.08,121
0.163614658798095,9.78174824798807,7.00317756632052,116.744494292489,73.3810677851979,"Federov with Biased Sample","e20040d3-fcab-4fda-aaf5-7c6167309879",0.01,12,5,2,0.15,"quadratic",0.08,121
0.109032704484425,23.5844985762014,12.6401748837983,270.612186146999,139.550868094269,"Federov with Uniform Sample","e20040d3-fcab-4fda-aaf5-7c6167309879",0.01,3,11,4,0.15,"quadratic",0.08,121
0.165376028502732,21.2325563956975,9.00592399272469,251.69992010896,106.623816406518,"Federov with Biased Sample","e20040d3-fcab-4fda-aaf5-7c6167309879",0.01,26,3,4,0.15,"quadratic",0.08,121
0.108532155411351,45.4636172030994,14.7278442453111,506.959343394006,178.396086514508,"Federov with Uniform Sample","e20040d3-fcab-4fda-aaf5-7c6167309879",0.01,1,15,8,0.15,"quadratic",0.08,121
0.163806513648455,30.7532507781359,15.0242279329353,389.316770088049,182.242554456798,"Federov with Biased Sample","e20040d3-fcab-4fda-aaf5-7c6167309879",0.01,1,13,8,0.15,"quadratic",0.08,121
0.107826641134945,82.1105390260974,82.1105390260974,955.689764754353,955.689764754353,"Federov with Uniform Sample","e20040d3-fcab-4fda-aaf5-7c6167309879",0.01,103,0,16,0.15,"quadratic",0.08,121
0.164582572693703,61.6313998539379,16.5426946018127,645.832464561863,228.283180029125,"Federov with Biased Sample","e20040d3-fcab-4fda-aaf5-7c6167309879",0.01,1,16,16,0.15,"quadratic",0.08,121
0.107503891251094,174.446630888497,174.446630888497,1923.41206936004,1923.41206936004,"Federov with Uniform Sample","e20040d3-fcab-4fda-aaf5-7c6167309879",0.01,103,0,32,0.15,"quadratic",0.08,121
0.164298363352969,117.062677833604,117.062677833604,1398.00598201065,1398.00598201065,"Federov with Biased Sample","e20040d3-fcab-4fda-aaf5-7c6167309879",0.01,103,0,32,0.15,"quadratic",0.08,121
0.108835295762543,281.955385031603,74.5061930915668,3318.96021621719,1020.15103084828,"Federov with Uniform Sample","e20040d3-fcab-4fda-aaf5-7c6167309879",0.01,4,16,64,0.15,"quadratic",0.08,121
0.164515816481374,243.43145112485,30.0372106380428,2807.56290286473,489.949247380937,"Federov with Biased Sample","e20040d3-fcab-4fda-aaf5-7c6167309879",0.01,2,18,64,0.15,"quadratic",0.08,121
0.109158921080354,5.50557688357094,2.42566274491671,68.1760499894303,28.1316952342838,"Federov with Uniform Sample","e20040d3-fcab-4fda-aaf5-7c6167309879",0.001,21,1,1,0.15,"quadratic",0.08,121
0.162826687689534,5.02990155601754,2.72058001745703,60.8295327686049,31.5009150472238,"Federov with Biased Sample","e20040d3-fcab-4fda-aaf5-7c6167309879",0.001,37,2,1,0.15,"quadratic",0.08,121
0.108596313709145,10.1486581050977,6.00878621525299,120.719436509451,57.0314596914092,"Federov with Uniform Sample","e20040d3-fcab-4fda-aaf5-7c6167309879",0.001,7,4,2,0.15,"quadratic",0.08,121
0.16354138687933,7.6572638936285,9.06677393971629,93.3973846646854,93.3387636445961,"Federov with Biased Sample","e20040d3-fcab-4fda-aaf5-7c6167309879",0.001,4,6,2,0.15,"quadratic",0.08,121
0.108451034175274,18.4775295267795,12.6069226436847,202.175693489683,129.533296640418,"Federov with Uniform Sample","e20040d3-fcab-4fda-aaf5-7c6167309879",0.001,1,12,4,0.15,"quadratic",0.08,121
0.165298808215725,20.2096517040811,12.831607604846,234.79304888663,135.633331803738,"Federov with Biased Sample","e20040d3-fcab-4fda-aaf5-7c6167309879",0.001,1,11,4,0.15,"quadratic",0.08,121
0.110294505423649,32.6709064247831,17.9841810934637,395.818163910477,261.839069119714,"Federov with Uniform Sample","e20040d3-fcab-4fda-aaf5-7c6167309879",0.001,1,17,8,0.15,"quadratic",0.08,121
0.164088908375286,34.2747027640271,14.6714226802704,429.034146383952,177.877371853649,"Federov with Biased Sample","e20040d3-fcab-4fda-aaf5-7c6167309879",0.001,1,15,8,0.15,"quadratic",0.08,121
0.10881589153154,92.1804218414385,92.1804218414385,1044.55139895177,1044.55139895177,"Federov with Uniform Sample","e20040d3-fcab-4fda-aaf5-7c6167309879",0.001,103,0,16,0.15,"quadratic",0.08,121
0.166859703492012,55.6098701914996,55.6098701914996,626.014768111048,626.014768111048,"Federov with Biased Sample","e20040d3-fcab-4fda-aaf5-7c6167309879",0.001,103,0,16,0.15,"quadratic",0.08,121
0.109325932427941,195.334841883638,20.8799645279631,2167.25317942943,273.681376576263,"Federov with Uniform Sample","e20040d3-fcab-4fda-aaf5-7c6167309879",0.001,2,18,32,0.15,"quadratic",0.08,121
0.16568510236242,118.443798794795,118.443798794795,1415.32991892278,1415.32991892278,"Federov with Biased Sample","e20040d3-fcab-4fda-aaf5-7c6167309879",0.001,103,0,32,0.15,"quadratic",0.08,121
0.109898333294258,341.967478068881,341.967478068881,4050.62757428346,4050.62757428346,"Federov with Uniform Sample","e20040d3-fcab-4fda-aaf5-7c6167309879",0.001,103,0,64,0.15,"quadratic",0.08,121
0.164461171738437,215.462514411173,215.462514411173,2709.40110049732,2709.40110049732,"Federov with Biased Sample","e20040d3-fcab-4fda-aaf5-7c6167309879",0.001,103,0,64,0.15,"quadratic",0.08,121
0.261914661929057,1.72204203920595,3.1259628278964,32.2861686723779,57.7133505150357,"Federov with Uniform Sample","4504011c-ea85-4abd-9da8-71be48c90ffb",0.1,43,1,1,0.15,"linear",0,61
0.557820596210025,1.78461302775099,1.34310317841535,30.3374617648542,24.2514953032786,"Federov with Biased Sample","4504011c-ea85-4abd-9da8-71be48c90ffb",0.1,41,0,1,0.15,"linear",0,61
0.257481681830968,4.96900185778255,3.0324022581161,91.0696035694505,56.0580437915512,"Federov with Uniform Sample","4504011c-ea85-4abd-9da8-71be48c90ffb",0.1,23,0,2,0.15,"linear",0,61
0.557152655728972,3.77460778068236,2.73191460687711,70.464692690185,52.7106500046398,"Federov with Biased Sample","4504011c-ea85-4abd-9da8-71be48c90ffb",0.1,36,0,2,0.15,"linear",0,61
0.26040398305673,9.70416090293269,5.12363173962161,179.19068030855,95.4160213589029,"Federov with Uniform Sample","4504011c-ea85-4abd-9da8-71be48c90ffb",0.1,18,2,4,0.15,"linear",0,61
0.557645817450819,4.43132455657653,3.55902338828407,80.8490315767869,65.2049185561036,"Federov with Biased Sample","4504011c-ea85-4abd-9da8-71be48c90ffb",0.1,29,0,4,0.15,"linear",0,61
0.258879517290893,16.6021441124075,14.7770299346478,303.606353905126,270.204252424174,"Federov with Uniform Sample","4504011c-ea85-4abd-9da8-71be48c90ffb",0.1,7,6,8,0.15,"linear",0,61
0.55152452949827,14.6950656102184,8.12901694787682,270.388429671408,149.45501910653,"Federov with Biased Sample","4504011c-ea85-4abd-9da8-71be48c90ffb",0.1,18,0,8,0.15,"linear",0,61
0.261034721632054,37.2939265218538,20.9930166767594,702.246966352501,391.370503905797,"Federov with Uniform Sample","4504011c-ea85-4abd-9da8-71be48c90ffb",0.1,5,9,16,0.15,"linear",0,61
0.55342963717663,27.4132494727261,15.8077246475639,482.358768413436,281.321660697379,"Federov with Biased Sample","4504011c-ea85-4abd-9da8-71be48c90ffb",0.1,14,5,16,0.15,"linear",0,61
0.258079726514472,77.5130791367832,32.5103350192267,1480.76143683865,685.535848856523,"Federov with Uniform Sample","4504011c-ea85-4abd-9da8-71be48c90ffb",0.1,6,9,32,0.15,"linear",0,61
0.557979568476012,55.3617128895083,23.9337212852125,997.865553686518,411.741265004775,"Federov with Biased Sample","4504011c-ea85-4abd-9da8-71be48c90ffb",0.1,7,7,32,0.15,"linear",0,61
0.257805441738864,135.064333555532,94.7166798249012,2671.50955371603,1959.83201048531,"Federov with Uniform Sample","4504011c-ea85-4abd-9da8-71be48c90ffb",0.1,22,7,64,0.15,"linear",0,61
0.556071335407869,106.783711194022,52.7865718455142,1963.44068917383,1108.54511518409,"Federov with Biased Sample","4504011c-ea85-4abd-9da8-71be48c90ffb",0.1,8,10,64,0.15,"linear",0,61
0.262571878957582,2.21145725668252,1.12884974122786,40.749338008811,22.2828401079268,"Federov with Uniform Sample","4504011c-ea85-4abd-9da8-71be48c90ffb",0.01,25,0,1,0.15,"linear",0,61
0.548806903517789,1.54481672932002,1.1454172774014,28.9746452481888,23.0574862222252,"Federov with Biased Sample","4504011c-ea85-4abd-9da8-71be48c90ffb",0.01,34,0,1,0.15,"linear",0,61
0.262586629479877,3.2912423721823,3.63037280806724,58.3604873172999,66.094880265623,"Federov with Uniform Sample","4504011c-ea85-4abd-9da8-71be48c90ffb",0.01,11,3,2,0.15,"linear",0,61
0.557071768666841,2.77099824446398,2.8736886742096,50.6822551397025,51.8690715701233,"Federov with Biased Sample","4504011c-ea85-4abd-9da8-71be48c90ffb",0.01,16,2,2,0.15,"linear",0,61
0.256036049572299,7.64115260990476,4.76469561590709,138.080492014794,87.2097774181177,"Federov with Uniform Sample","4504011c-ea85-4abd-9da8-71be48c90ffb",0.01,2,3,4,0.15,"linear",0,61
0.557779717702644,6.24784450831737,3.61688929855953,116.791592075877,66.6728753983254,"Federov with Biased Sample","4504011c-ea85-4abd-9da8-71be48c90ffb",0.01,14,2,4,0.15,"linear",0,61
0.260119026757638,17.9494786387852,12.0105681738672,316.024513174291,212.425784251011,"Federov with Uniform Sample","4504011c-ea85-4abd-9da8-71be48c90ffb",0.01,3,7,8,0.15,"linear",0,61
0.564356835182724,11.2199627718291,7.55133371511883,207.709756189855,145.321150214171,"Federov with Biased Sample","4504011c-ea85-4abd-9da8-71be48c90ffb",0.01,11,3,8,0.15,"linear",0,61
0.258283231132614,42.8679612617821,42.8679612617821,762.183359288611,762.183359288611,"Federov with Uniform Sample","4504011c-ea85-4abd-9da8-71be48c90ffb",0.01,51,0,16,0.15,"linear",0,61
0.556158976572879,26.1229268479202,12.1528916961854,500.620154402081,214.432105507277,"Federov with Biased Sample","4504011c-ea85-4abd-9da8-71be48c90ffb",0.01,2,8,16,0.15,"linear",0,61
0.25408435660101,72.1674937028683,72.1674937028683,1314.74623823428,1314.74623823428,"Federov with Uniform Sample","4504011c-ea85-4abd-9da8-71be48c90ffb",0.01,51,0,32,0.15,"linear",0,61
0.549986675406973,52.2506595575725,52.2506595575725,944.851224027493,944.851224027493,"Federov with Biased Sample","4504011c-ea85-4abd-9da8-71be48c90ffb",0.01,51,0,32,0.15,"linear",0,61
0.254289401334026,112.904104782583,112.904104782583,2065.74874242827,2065.74874242827,"Federov with Uniform Sample","4504011c-ea85-4abd-9da8-71be48c90ffb",0.01,51,0,64,0.15,"linear",0,61
0.550645811538627,93.4053451157885,93.4053451157885,1746.97978248957,1746.97978248957,"Federov with Biased Sample","4504011c-ea85-4abd-9da8-71be48c90ffb",0.01,51,0,64,0.15,"linear",0,61
0.259337860631226,2.77829520563658,3.71724845189488,48.8812298711626,68.9563265414629,"Federov with Uniform Sample","4504011c-ea85-4abd-9da8-71be48c90ffb",0.001,24,3,1,0.15,"linear",0,61
0.551667532282208,1.58494786421596,2.40119959077172,29.319064881853,45.012871612254,"Federov with Biased Sample","4504011c-ea85-4abd-9da8-71be48c90ffb",0.001,17,1,1,0.15,"linear",0,61
0.262613100660009,4.2085023970735,3.46573060838376,75.6182668093328,62.9517386953643,"Federov with Uniform Sample","4504011c-ea85-4abd-9da8-71be48c90ffb",0.001,2,4,2,0.15,"linear",0,61
0.558166455289518,2.63903602511849,2.52260058830868,50.8081350707003,46.1986637186255,"Federov with Biased Sample","4504011c-ea85-4abd-9da8-71be48c90ffb",0.001,7,2,2,0.15,"linear",0,61
0.265891958241866,9.57231601781636,9.18447485356863,179.608669656776,168.416894603287,"Federov with Uniform Sample","4504011c-ea85-4abd-9da8-71be48c90ffb",0.001,2,6,4,0.15,"linear",0,61
0.556621036921267,4.9073887268546,3.82929586059185,87.393469565003,70.1927263008515,"Federov with Biased Sample","4504011c-ea85-4abd-9da8-71be48c90ffb",0.001,5,3,4,0.15,"linear",0,61
0.26174015068936,19.8965046026933,19.8965046026933,380.298468806251,380.298468806251,"Federov with Uniform Sample","4504011c-ea85-4abd-9da8-71be48c90ffb",0.001,51,0,8,0.15,"linear",0,61
0.55849600534273,11.1829528753409,10.0344022077594,200.828561204586,184.877228295171,"Federov with Biased Sample","4504011c-ea85-4abd-9da8-71be48c90ffb",0.001,2,7,8,0.15,"linear",0,61
0.25813199275632,42.4256379909157,42.4256379909157,757.36908160772,757.36908160772,"Federov with Uniform Sample","4504011c-ea85-4abd-9da8-71be48c90ffb",0.001,51,0,16,0.15,"linear",0,61
0.556205719883159,26.8279055251034,26.8279055251034,515.680556714228,515.680556714228,"Federov with Biased Sample","4504011c-ea85-4abd-9da8-71be48c90ffb",0.001,51,0,16,0.15,"linear",0,61
0.26410214027401,78.998731953215,78.998731953215,1411.24916615808,1411.24916615808,"Federov with Uniform Sample","4504011c-ea85-4abd-9da8-71be48c90ffb",0.001,51,0,32,0.15,"linear",0,61
0.55539555251649,40.6327207361831,40.6327207361831,739.613621567653,739.613621567653,"Federov with Biased Sample","4504011c-ea85-4abd-9da8-71be48c90ffb",0.001,51,0,32,0.15,"linear",0,61
0.25856494875659,151.820007807684,151.820007807684,2917.57017339083,2917.57017339083,"Federov with Uniform Sample","4504011c-ea85-4abd-9da8-71be48c90ffb",0.001,51,0,64,0.15,"linear",0,61
0.550225388361202,76.5388031556745,76.5388031556745,1426.58991717772,1426.58991717772,"Federov with Biased Sample","4504011c-ea85-4abd-9da8-71be48c90ffb",0.001,51,0,64,0.15,"linear",0,61
0.109762888540664,5.73047236680662,4.91075122265869,64.3031645426544,60.2535958700837,"Federov with Uniform Sample","4e9ce07c-a252-4d15-8143-96238960406d",0.1,81,0,1,0.15,"quadratic",0.08,121
0.165348208055747,3.63339247549077,2.07140849624523,44.5625751699729,27.62169873418,"Federov with Biased Sample","4e9ce07c-a252-4d15-8143-96238960406d",0.1,69,0,1,0.15,"quadratic",0.08,121
0.109216941118236,11.4928055754744,7.12304595676249,126.007544810317,92.1879725615256,"Federov with Uniform Sample","4e9ce07c-a252-4d15-8143-96238960406d",0.1,31,4,2,0.15,"quadratic",0.08,121
0.164752175720414,6.97848698897575,7.1779235930992,88.1141638531465,87.4923167845621,"Federov with Biased Sample","4e9ce07c-a252-4d15-8143-96238960406d",0.1,43,3,2,0.15,"quadratic",0.08,121
0.109439666039976,20.3276236110411,10.1708821899485,237.248509556725,117.055473609765,"Federov with Uniform Sample","4e9ce07c-a252-4d15-8143-96238960406d",0.1,24,4,4,0.15,"quadratic",0.08,121
0.162139438609914,14.7180607011233,9.29186473614794,181.825303028358,120.833200109907,"Federov with Biased Sample","4e9ce07c-a252-4d15-8143-96238960406d",0.1,15,6,4,0.15,"quadratic",0.08,121
0.107915297075159,32.9891883060646,14.0412684686516,401.65166352544,190.252881749451,"Federov with Uniform Sample","4e9ce07c-a252-4d15-8143-96238960406d",0.1,29,6,8,0.15,"quadratic",0.08,121
0.163513935183365,28.1479200253205,15.4387602146467,358.024901575042,207.661013204839,"Federov with Biased Sample","4e9ce07c-a252-4d15-8143-96238960406d",0.1,18,10,8,0.15,"quadratic",0.08,121
0.108562801908722,67.722183091836,26.5824555826691,774.033615123826,334.936021792682,"Federov with Uniform Sample","4e9ce07c-a252-4d15-8143-96238960406d",0.1,10,12,16,0.15,"quadratic",0.08,121
0.164901741191444,65.3155176581772,15.979223176453,763.080200094701,247.88619938001,"Federov with Biased Sample","4e9ce07c-a252-4d15-8143-96238960406d",0.1,7,10,16,0.15,"quadratic",0.08,121
0.108370235880509,154.933342680271,21.1035499868183,1732.9737357662,350.102368668481,"Federov with Uniform Sample","4e9ce07c-a252-4d15-8143-96238960406d",0.1,1,17,32,0.15,"quadratic",0.08,121
0.164397849105052,104.051622966346,43.5871760371695,1255.14327654763,558.162396662073,"Federov with Biased Sample","4e9ce07c-a252-4d15-8143-96238960406d",0.1,19,13,32,0.15,"quadratic",0.08,121
0.107475846892352,320.47368638416,152.562280226372,3170.11199255202,1389.69589928564,"Federov with Uniform Sample","4e9ce07c-a252-4d15-8143-96238960406d",0.1,17,13,64,0.15,"quadratic",0.08,121
0.164420643003156,258.19158917404,107.862573477708,3088.2547208549,1476.71205587394,"Federov with Biased Sample","4e9ce07c-a252-4d15-8143-96238960406d",0.1,45,12,64,0.15,"quadratic",0.08,121
0.107916127293831,5.72653527112177,2.77033780195585,64.7229202551012,34.7356249045009,"Federov with Uniform Sample","4e9ce07c-a252-4d15-8143-96238960406d",0.01,58,0,1,0.15,"quadratic",0.08,121
0.164811939586798,3.45877520433959,1.38648688177815,41.880639790354,19.478736070279,"Federov with Biased Sample","4e9ce07c-a252-4d15-8143-96238960406d",0.01,30,0,1,0.15,"quadratic",0.08,121
0.1092159074553,10.2691276192426,6.40972475038795,129.886454622531,75.8672653787909,"Federov with Uniform Sample","4e9ce07c-a252-4d15-8143-96238960406d",0.01,10,5,2,0.15,"quadratic",0.08,121
0.165333182673953,8.14722126343974,3.05550106665879,99.8078041105869,36.9225813636054,"Federov with Biased Sample","4e9ce07c-a252-4d15-8143-96238960406d",0.01,24,0,2,0.15,"quadratic",0.08,121
0.107437386038868,25.4574768173833,8.8127769036139,295.402223598269,104.348574362285,"Federov with Uniform Sample","4e9ce07c-a252-4d15-8143-96238960406d",0.01,9,8,4,0.15,"quadratic",0.08,121
0.165128088525797,13.5499499744174,6.89227025381016,169.823824807557,91.3231756432546,"Federov with Biased Sample","4e9ce07c-a252-4d15-8143-96238960406d",0.01,14,4,4,0.15,"quadratic",0.08,121
0.108873620948851,37.6468055021818,14.6981115887892,424.15483761772,210.99583061892,"Federov with Uniform Sample","4e9ce07c-a252-4d15-8143-96238960406d",0.01,1,13,8,0.15,"quadratic",0.08,121
0.165212493872781,29.4633700890146,14.7306816109291,357.323233827928,179.765297436453,"Federov with Biased Sample","4e9ce07c-a252-4d15-8143-96238960406d",0.01,11,7,8,0.15,"quadratic",0.08,121
0.110207950125918,81.385975472875,22.7879896316746,967.246887937294,287.467411556097,"Federov with Uniform Sample","4e9ce07c-a252-4d15-8143-96238960406d",0.01,2,15,16,0.15,"quadratic",0.08,121
0.163708042071822,64.2549789327324,19.139474161148,794.788554721518,310.761508829147,"Federov with Biased Sample","4e9ce07c-a252-4d15-8143-96238960406d",0.01,2,17,16,0.15,"quadratic",0.08,121
0.109508458049359,159.681624130842,31.3681796883616,1937.36117748935,382.827308953552,"Federov with Uniform Sample","4e9ce07c-a252-4d15-8143-96238960406d",0.01,2,18,32,0.15,"quadratic",0.08,121
0.165262799554169,113.250549297925,113.250549297925,1375.09374110522,1375.09374110522,"Federov with Biased Sample","4e9ce07c-a252-4d15-8143-96238960406d",0.01,103,0,32,0.15,"quadratic",0.08,121
0.108018071600582,367.633630899798,367.633630899798,4356.16774217503,4356.16774217503,"Federov with Uniform Sample","4e9ce07c-a252-4d15-8143-96238960406d",0.01,103,0,64,0.15,"quadratic",0.08,121
0.165851805756481,200.03383724106,200.03383724106,2392.52224886564,2392.52224886564,"Federov with Biased Sample","4e9ce07c-a252-4d15-8143-96238960406d",0.01,103,0,64,0.15,"quadratic",0.08,121
0.108562369269312,5.41359281260342,3.35502436447753,61.3555781223864,38.4982589262101,"Federov with Uniform Sample","4e9ce07c-a252-4d15-8143-96238960406d",0.001,33,1,1,0.15,"quadratic",0.08,121
0.164932282579622,3.42505052245532,1.15922753033742,43.1837195819078,16.2096190389629,"Federov with Biased Sample","4e9ce07c-a252-4d15-8143-96238960406d",0.001,24,0,1,0.15,"quadratic",0.08,121
0.109493688700141,10.5429920806224,7.96824543188028,132.294843390524,87.5560530939807,"Federov with Uniform Sample","4e9ce07c-a252-4d15-8143-96238960406d",0.001,10,8,2,0.15,"quadratic",0.08,121
0.164794327050881,11.6814062935242,10.6305037578396,133.869724770212,116.97931414293,"Federov with Biased Sample","4e9ce07c-a252-4d15-8143-96238960406d",0.001,7,7,2,0.15,"quadratic",0.08,121
0.108601995076523,19.3060272723812,11.1796077840207,240.738594160659,136.362659844443,"Federov with Uniform Sample","4e9ce07c-a252-4d15-8143-96238960406d",0.001,2,10,4,0.15,"quadratic",0.08,121
0.165173000812071,14.5552926813516,11.2242300780091,177.051432652053,114.737010608665,"Federov with Biased Sample","4e9ce07c-a252-4d15-8143-96238960406d",0.001,3,9,4,0.15,"quadratic",0.08,121
0.109503090099453,40.0659681762437,13.747682775258,459.107492409424,187.619569522025,"Federov with Uniform Sample","4e9ce07c-a252-4d15-8143-96238960406d",0.001,1,14,8,0.15,"quadratic",0.08,121
0.164715671272232,27.0118271379289,13.711344317935,337.827413407229,179.569497315774,"Federov with Biased Sample","4e9ce07c-a252-4d15-8143-96238960406d",0.001,2,13,8,0.15,"quadratic",0.08,121
0.109567620627719,90.4118632625446,90.4118632625446,1080.20411728573,1080.20411728573,"Federov with Uniform Sample","4e9ce07c-a252-4d15-8143-96238960406d",0.001,103,0,16,0.15,"quadratic",0.08,121
0.162835169454062,52.6441886819205,16.4768612459438,657.431231479397,254.615293717396,"Federov with Biased Sample","4e9ce07c-a252-4d15-8143-96238960406d",0.001,1,16,16,0.15,"quadratic",0.08,121
0.109290734458497,134.978307639627,134.978307639627,1691.33441158083,1691.33441158083,"Federov with Uniform Sample","4e9ce07c-a252-4d15-8143-96238960406d",0.001,103,0,32,0.15,"quadratic",0.08,121
0.164447578927359,119.309823248239,119.309823248239,1638.58287646881,1638.58287646881,"Federov with Biased Sample","4e9ce07c-a252-4d15-8143-96238960406d",0.001,103,0,32,0.15,"quadratic",0.08,121
0.108367512281719,325.978538713391,325.978538713391,4105.17129077174,4105.17129077174,"Federov with Uniform Sample","4e9ce07c-a252-4d15-8143-96238960406d",0.001,103,0,64,0.15,"quadratic",0.08,121
0.164392018212034,268.366533590477,268.366533590477,3363.47063680258,3363.47063680258,"Federov with Biased Sample","4e9ce07c-a252-4d15-8143-96238960406d",0.001,103,0,64,0.15,"quadratic",0.08,121
0.260153208200227,2.35869089545082,1.7854985489082,44.4976242530328,33.5566494677046,"Federov with Uniform Sample","f0912a20-b6b9-4625-9572-94f9b24f8aae",0.1,28,0,1,0.15,"linear",0,61
0.556553786988081,1.51107002469615,1.22112087006077,27.79849494501,22.5320411970095,"Federov with Biased Sample","f0912a20-b6b9-4625-9572-94f9b24f8aae",0.1,41,0,1,0.15,"linear",0,61
0.262296193574182,4.76424204618644,3.68223585073887,87.613780170839,68.8605748522192,"Federov with Uniform Sample","f0912a20-b6b9-4625-9572-94f9b24f8aae",0.1,17,1,2,0.15,"linear",0,61
0.552914292612074,3.08299361787971,1.87754739673103,54.9886912041999,34.4213744167142,"Federov with Biased Sample","f0912a20-b6b9-4625-9572-94f9b24f8aae",0.1,20,0,2,0.15,"linear",0,61
0.258494358682977,9.27755812512414,5.61363881121206,173.075513603012,105.668765099407,"Federov with Uniform Sample","f0912a20-b6b9-4625-9572-94f9b24f8aae",0.1,18,0,4,0.15,"linear",0,61
0.554744224629714,5.71392067717852,1.66884885593028,107.766821390674,31.8355042650888,"Federov with Biased Sample","f0912a20-b6b9-4625-9572-94f9b24f8aae",0.1,7,0,4,0.15,"linear",0,61
0.259120480319941,16.6387055819045,10.2936692337403,303.182455569776,187.934475452919,"Federov with Uniform Sample","f0912a20-b6b9-4625-9572-94f9b24f8aae",0.1,10,4,8,0.15,"linear",0,61
0.549359999416797,12.614267361906,7.83220345405786,236.9172439983,146.759463872509,"Federov with Biased Sample","f0912a20-b6b9-4625-9572-94f9b24f8aae",0.1,12,2,8,0.15,"linear",0,61
0.266828324068531,28.9377607430112,12.9420698174302,545.437239230913,242.438943634794,"Federov with Uniform Sample","f0912a20-b6b9-4625-9572-94f9b24f8aae",0.1,4,7,16,0.15,"linear",0,61
0.555512552942351,26.0305614361859,15.1252310953653,475.132094307566,282.386371404576,"Federov with Biased Sample","f0912a20-b6b9-4625-9572-94f9b24f8aae",0.1,7,3,16,0.15,"linear",0,61
0.261824995436492,68.5697073881323,33.3947605618487,1257.03831861356,613.639801155522,"Federov with Uniform Sample","f0912a20-b6b9-4625-9572-94f9b24f8aae",0.1,8,8,32,0.15,"linear",0,61
0.556202178717742,38.6802733370865,19.4153365855236,718.501075007763,362.145752391126,"Federov with Biased Sample","f0912a20-b6b9-4625-9572-94f9b24f8aae",0.1,3,8,32,0.15,"linear",0,61
0.259432795662073,137.629538333774,137.629538333774,2472.11163753795,2472.11163753795,"Federov with Uniform Sample","f0912a20-b6b9-4625-9572-94f9b24f8aae",0.1,53,0,64,0.15,"linear",0,61
0.557872726342051,111.144549850196,76.4900123747091,2050.09411601181,1420.97660191398,"Federov with Biased Sample","f0912a20-b6b9-4625-9572-94f9b24f8aae",0.1,16,6,64,0.15,"linear",0,61
0.258752183780029,1.87724264815364,1.07833789577594,35.6877616667814,20.1505480438812,"Federov with Uniform Sample","f0912a20-b6b9-4625-9572-94f9b24f8aae",0.01,11,0,1,0.15,"linear",0,61
0.558123012822143,1.50659310809892,0.71140214633569,28.9073942140938,13.2724554177337,"Federov with Biased Sample","f0912a20-b6b9-4625-9572-94f9b24f8aae",0.01,22,0,1,0.15,"linear",0,61
0.258738218277267,5.74090453224247,2.08564129053371,103.703229428857,37.7491766052762,"Federov with Uniform Sample","f0912a20-b6b9-4625-9572-94f9b24f8aae",0.01,11,0,2,0.15,"linear",0,61
0.561966027576838,3.36134771233601,1.35760005783685,62.2821696994264,25.1100331684578,"Federov with Biased Sample","f0912a20-b6b9-4625-9572-94f9b24f8aae",0.01,6,0,2,0.15,"linear",0,61
0.263643730493773,9.66347162072798,6.01778141864097,173.604185938786,108.867267876984,"Federov with Uniform Sample","f0912a20-b6b9-4625-9572-94f9b24f8aae",0.01,2,3,4,0.15,"linear",0,61
0.557014939115254,6.02292311385383,2.42452839167602,115.290926629873,47.2105564689061,"Federov with Biased Sample","f0912a20-b6b9-4625-9572-94f9b24f8aae",0.01,9,0,4,0.15,"linear",0,61
0.258560853175864,21.4262532979738,9.18378272096907,386.806200667162,172.633719134064,"Federov with Uniform Sample","f0912a20-b6b9-4625-9572-94f9b24f8aae",0.01,1,7,8,0.15,"linear",0,61
0.555641751367164,13.1144299100775,13.1144299100775,241.549793700358,241.549793700358,"Federov with Biased Sample","f0912a20-b6b9-4625-9572-94f9b24f8aae",0.01,53,0,8,0.15,"linear",0,61
0.258156781338155,44.0729048293334,44.0729048293334,821.669485119156,821.669485119156,"Federov with Uniform Sample","f0912a20-b6b9-4625-9572-94f9b24f8aae",0.01,53,0,16,0.15,"linear",0,61
0.55678395609477,22.5045416863671,22.5045416863671,434.499879185191,434.499879185191,"Federov with Biased Sample","f0912a20-b6b9-4625-9572-94f9b24f8aae",0.01,53,0,16,0.15,"linear",0,61
0.255303405602964,75.6893666936782,29.0374785407812,1356.8845623068,588.540709334192,"Federov with Uniform Sample","f0912a20-b6b9-4625-9572-94f9b24f8aae",0.01,2,8,32,0.15,"linear",0,61
0.551105569642658,57.3639419851105,21.967015724686,1100.84883354783,400.159719907933,"Federov with Biased Sample","f0912a20-b6b9-4625-9572-94f9b24f8aae",0.01,2,8,32,0.15,"linear",0,61
0.255008959244802,149.821741469071,78.780808477105,2671.47110606701,1446.43106240532,"Federov with Uniform Sample","f0912a20-b6b9-4625-9572-94f9b24f8aae",0.01,15,8,64,0.15,"linear",0,61
0.557455965593847,96.5196548151348,96.5196548151348,1820.71466130358,1820.71466130358,"Federov with Biased Sample","f0912a20-b6b9-4625-9572-94f9b24f8aae",0.01,53,0,64,0.15,"linear",0,61
0.257913271211823,2.08301227402928,0.738928263628912,37.7304614065962,13.4885797575621,"Federov with Uniform Sample","f0912a20-b6b9-4625-9572-94f9b24f8aae",0.001,6,0,1,0.15,"linear",0,61
0.563257845239062,1.38939474037574,0.937986616625466,25.0690264653683,16.7443076365509,"Federov with Biased Sample","f0912a20-b6b9-4625-9572-94f9b24f8aae",0.001,28,0,1,0.15,"linear",0,61
0.254113627427129,4.80117499748272,3.15946750930174,88.7927877555466,56.9090837628235,"Federov with Uniform Sample","f0912a20-b6b9-4625-9572-94f9b24f8aae",0.001,3,1,2,0.15,"linear",0,61
0.548125349798882,3.27122174930288,2.62950364482608,61.9559316852902,48.7998096966334,"Federov with Biased Sample","f0912a20-b6b9-4625-9572-94f9b24f8aae",0.001,5,1,2,0.15,"linear",0,61
0.259879544665091,8.93395178158015,8.89024978569709,168.478562926247,158.895283632544,"Federov with Uniform Sample","f0912a20-b6b9-4625-9572-94f9b24f8aae",0.001,1,6,4,0.15,"linear",0,61
0.550977717421219,5.41048942543563,3.89824951253105,98.393192875212,72.588723549711,"Federov with Biased Sample","f0912a20-b6b9-4625-9572-94f9b24f8aae",0.001,3,1,4,0.15,"linear",0,61
0.259573945188155,23.0563229848518,23.0563229848518,450.201621672833,450.201621672833,"Federov with Uniform Sample","f0912a20-b6b9-4625-9572-94f9b24f8aae",0.001,53,0,8,0.15,"linear",0,61
0.551739217127184,9.4354548443224,9.4354548443224,186.355069213335,186.355069213335,"Federov with Biased Sample","f0912a20-b6b9-4625-9572-94f9b24f8aae",0.001,53,0,8,0.15,"linear",0,61
0.262790259863739,30.705964020793,30.705964020793,547.491872402331,547.491872402331,"Federov with Uniform Sample","f0912a20-b6b9-4625-9572-94f9b24f8aae",0.001,53,0,16,0.15,"linear",0,61
0.548813170757545,27.2130581680459,27.2130581680459,503.430620650697,503.430620650697,"Federov with Biased Sample","f0912a20-b6b9-4625-9572-94f9b24f8aae",0.001,53,0,16,0.15,"linear",0,61
0.25894172683703,80.70597115684,80.70597115684,1500.27619288358,1500.27619288358,"Federov with Uniform Sample","f0912a20-b6b9-4625-9572-94f9b24f8aae",0.001,53,0,32,0.15,"linear",0,61
0.560323560384421,46.8703702556432,46.8703702556432,886.466143404655,886.466143404655,"Federov with Biased Sample","f0912a20-b6b9-4625-9572-94f9b24f8aae",0.001,53,0,32,0.15,"linear",0,61
0.260507296848187,145.318894558268,145.318894558268,2636.60691073957,2636.60691073957,"Federov with Uniform Sample","f0912a20-b6b9-4625-9572-94f9b24f8aae",0.001,53,0,64,0.15,"linear",0,61
0.554229531170454,89.936231312213,89.936231312213,1604.72015021046,1604.72015021046,"Federov with Biased Sample","f0912a20-b6b9-4625-9572-94f9b24f8aae",0.001,53,0,64,0.15,"linear",0,61
0.108698965858096,5.57291865087388,3.40745675885665,61.4337351762406,41.2939152948045,"Federov with Uniform Sample","3f9d5cc1-42bb-4e57-a885-ca7e6b31211c",0.1,70,0,1,0.15,"quadratic",0.08,121
0.165776672655003,3.75492668860898,2.79159283696518,47.368469934177,35.9542347677403,"Federov with Biased Sample","3f9d5cc1-42bb-4e57-a885-ca7e6b31211c",0.1,76,0,1,0.15,"quadratic",0.08,121
0.108450305082825,11.203842147247,4.89732081143272,117.77892667569,61.7310276511532,"Federov with Uniform Sample","3f9d5cc1-42bb-4e57-a885-ca7e6b31211c",0.1,41,1,2,0.15,"quadratic",0.08,121
0.162447317215433,8.17623669985478,4.72438791066634,102.574358702121,58.7587507779833,"Federov with Biased Sample","3f9d5cc1-42bb-4e57-a885-ca7e6b31211c",0.1,48,1,2,0.15,"quadratic",0.08,121
0.107874001544962,17.8742902295389,10.4006939100324,202.072278521722,124.804758819136,"Federov with Uniform Sample","3f9d5cc1-42bb-4e57-a885-ca7e6b31211c",0.1,46,1,4,0.15,"quadratic",0.08,121
0.164252143389621,16.5312673965613,7.87166271549909,190.527054066641,79.2772338677769,"Federov with Biased Sample","3f9d5cc1-42bb-4e57-a885-ca7e6b31211c",0.1,11,4,4,0.15,"quadratic",0.08,121
0.110265449285411,30.9891432680758,14.1630699251813,380.747185107238,177.788689104179,"Federov with Uniform Sample","3f9d5cc1-42bb-4e57-a885-ca7e6b31211c",0.1,15,6,8,0.15,"quadratic",0.08,121
0.164590596686815,28.2045647295427,12.3521258718049,350.840897256321,137.014616172899,"Federov with Biased Sample","3f9d5cc1-42bb-4e57-a885-ca7e6b31211c",0.1,16,4,8,0.15,"quadratic",0.08,121
0.108019019357186,95.9100235256916,19.5847772856059,1126.53250626768,235.706891818849,"Federov with Uniform Sample","3f9d5cc1-42bb-4e57-a885-ca7e6b31211c",0.1,4,12,16,0.15,"quadratic",0.08,121
0.165601207343823,53.9997719582835,23.2974785430078,730.295386450501,261.005713527994,"Federov with Biased Sample","3f9d5cc1-42bb-4e57-a885-ca7e6b31211c",0.1,4,10,16,0.15,"quadratic",0.08,121
0.108874448900708,139.715699147635,46.7839529842869,1691.52581009391,490.184587777792,"Federov with Uniform Sample","3f9d5cc1-42bb-4e57-a885-ca7e6b31211c",0.1,9,12,32,0.15,"quadratic",0.08,121
0.16406313856838,152.61320359181,24.5624436180184,1726.41249594621,348.318189715333,"Federov with Biased Sample","3f9d5cc1-42bb-4e57-a885-ca7e6b31211c",0.1,5,14,32,0.15,"quadratic",0.08,121
0.109309729711575,330.129786550804,330.129786550804,3714.43193475442,3714.43193475442,"Federov with Uniform Sample","3f9d5cc1-42bb-4e57-a885-ca7e6b31211c",0.1,107,0,64,0.15,"quadratic",0.08,121
0.165353682704937,259.54214877512,70.0474321826946,2975.92458578118,694.111591131422,"Federov with Biased Sample","3f9d5cc1-42bb-4e57-a885-ca7e6b31211c",0.1,9,13,64,0.15,"quadratic",0.08,121
0.108919662399207,5.40393042803049,3.20438089090046,59.3690647984784,38.4536429105821,"Federov with Uniform Sample","3f9d5cc1-42bb-4e57-a885-ca7e6b31211c",0.01,79,0,1,0.15,"quadratic",0.08,121
0.165248771787078,4.43406184886267,1.9500899506823,50.6118051404543,24.0063099204306,"Federov with Biased Sample","3f9d5cc1-42bb-4e57-a885-ca7e6b31211c",0.01,55,0,1,0.15,"quadratic",0.08,121
0.109144726344527,10.2924033558376,4.74323916637731,118.747159935276,63.6064754397372,"Federov with Uniform Sample","3f9d5cc1-42bb-4e57-a885-ca7e6b31211c",0.01,25,1,2,0.15,"quadratic",0.08,121
0.166374886380404,7.61129477982323,4.90933786904612,90.1969798309388,55.3459784493859,"Federov with Biased Sample","3f9d5cc1-42bb-4e57-a885-ca7e6b31211c",0.01,17,1,2,0.15,"quadratic",0.08,121
0.110088998564743,24.6142646743803,6.83046553099848,269.683529914978,90.410091142152,"Federov with Uniform Sample","3f9d5cc1-42bb-4e57-a885-ca7e6b31211c",0.01,16,3,4,0.15,"quadratic",0.08,121
0.16591114094826,18.0690241863383,11.8485832529233,221.620428595983,144.134355912781,"Federov with Biased Sample","3f9d5cc1-42bb-4e57-a885-ca7e6b31211c",0.01,28,2,4,0.15,"quadratic",0.08,121
0.107747967529524,41.0487129116597,16.5658647385433,484.061666340509,187.693708191465,"Federov with Uniform Sample","3f9d5cc1-42bb-4e57-a885-ca7e6b31211c",0.01,1,12,8,0.15,"quadratic",0.08,121
0.164994869143797,38.8682954701328,17.1794773066905,488.347401333944,180.289001988202,"Federov with Biased Sample","3f9d5cc1-42bb-4e57-a885-ca7e6b31211c",0.01,2,11,8,0.15,"quadratic",0.08,121
0.108444182579465,74.7910200239601,74.7910200239601,850.999958955926,850.999958955926,"Federov with Uniform Sample","3f9d5cc1-42bb-4e57-a885-ca7e6b31211c",0.01,107,0,16,0.15,"quadratic",0.08,121
0.16617903097085,56.5177721955512,18.2540262937221,719.381502185953,233.170989792683,"Federov with Biased Sample","3f9d5cc1-42bb-4e57-a885-ca7e6b31211c",0.01,1,13,16,0.15,"quadratic",0.08,121
0.108895022676525,172.509650405548,24.9148696387147,2276.116749146,458.044663707638,"Federov with Uniform Sample","3f9d5cc1-42bb-4e57-a885-ca7e6b31211c",0.01,3,13,32,0.15,"quadratic",0.08,121
0.162604878398044,126.111923842512,24.662454758525,1513.21743904513,389.464723762574,"Federov with Biased Sample","3f9d5cc1-42bb-4e57-a885-ca7e6b31211c",0.01,3,13,32,0.15,"quadratic",0.08,121
0.108144031469792,300.821039525334,300.821039525334,3473.30985344214,3473.30985344214,"Federov with Uniform Sample","3f9d5cc1-42bb-4e57-a885-ca7e6b31211c",0.01,107,0,64,0.15,"quadratic",0.08,121
0.165100345102471,263.221654072204,47.5929194072793,2870.62067290899,572.065423218387,"Federov with Biased Sample","3f9d5cc1-42bb-4e57-a885-ca7e6b31211c",0.01,3,13,64,0.15,"quadratic",0.08,121
0.109500801426086,5.64058184378699,8.31499566569076,62.1399658492604,82.9959776458714,"Federov with Uniform Sample","3f9d5cc1-42bb-4e57-a885-ca7e6b31211c",0.001,15,4,1,0.15,"quadratic",0.08,121
0.165240060902501,3.98838359687875,1.70803620191618,49.3931600326096,22.6945122314861,"Federov with Biased Sample","3f9d5cc1-42bb-4e57-a885-ca7e6b31211c",0.001,36,0,1,0.15,"quadratic",0.08,121
0.108081525398397,9.16051315405818,9.46639016497832,104.524611400552,115.098240695722,"Federov with Uniform Sample","3f9d5cc1-42bb-4e57-a885-ca7e6b31211c",0.001,5,6,2,0.15,"quadratic",0.08,121
0.166232652824024,8.35613846397237,1.51251964786486,97.5680407140224,22.5535261797342,"Federov with Biased Sample","3f9d5cc1-42bb-4e57-a885-ca7e6b31211c",0.001,18,0,2,0.15,"quadratic",0.08,121
0.106953303616601,22.1956895280579,15.2712605780512,232.196367468726,149.415987886618,"Federov with Uniform Sample","3f9d5cc1-42bb-4e57-a885-ca7e6b31211c",0.001,1,10,4,0.15,"quadratic",0.08,121
0.165116794597329,15.3774460880245,13.0967605930347,179.524254321115,136.74428215392,"Federov with Biased Sample","3f9d5cc1-42bb-4e57-a885-ca7e6b31211c",0.001,2,8,4,0.15,"quadratic",0.08,121
0.109401610510811,40.4746697935934,17.1934447032058,462.601526187647,202.771244931631,"Federov with Uniform Sample","3f9d5cc1-42bb-4e57-a885-ca7e6b31211c",0.001,1,12,8,0.15,"quadratic",0.08,121
0.163824618471477,31.2779661555053,16.3399821556944,374.485826460118,178.065776709603,"Federov with Biased Sample","3f9d5cc1-42bb-4e57-a885-ca7e6b31211c",0.001,1,10,8,0.15,"quadratic",0.08,121
0.108855974515571,105.427479009978,105.427479009978,1062.08329396278,1062.08329396278,"Federov with Uniform Sample","3f9d5cc1-42bb-4e57-a885-ca7e6b31211c",0.001,107,0,16,0.15,"quadratic",0.08,121
0.165365736771677,67.738934366692,17.0165986414446,857.037680266416,203.40739026732,"Federov with Biased Sample","3f9d5cc1-42bb-4e57-a885-ca7e6b31211c",0.001,2,11,16,0.15,"quadratic",0.08,121
0.109011325442867,162.673714076542,162.673714076542,1785.40376973463,1785.40376973463,"Federov with Uniform Sample","3f9d5cc1-42bb-4e57-a885-ca7e6b31211c",0.001,107,0,32,0.15,"quadratic",0.08,121
0.164063443297633,108.641058446039,108.641058446039,1253.90446442434,1253.90446442434,"Federov with Biased Sample","3f9d5cc1-42bb-4e57-a885-ca7e6b31211c",0.001,107,0,32,0.15,"quadratic",0.08,121
0.109658525368559,327.04802631432,327.04802631432,3619.93330380426,3619.93330380426,"Federov with Uniform Sample","3f9d5cc1-42bb-4e57-a885-ca7e6b31211c",0.001,107,0,64,0.15,"quadratic",0.08,121
0.163384615489162,250.47618303579,250.47618303579,3227.700210941,3227.700210941,"Federov with Biased Sample","3f9d5cc1-42bb-4e57-a885-ca7e6b31211c",0.001,107,0,64,0.15,"quadratic",0.08,121
0.253756254529103,2.41715698888918,1.60953557245251,45.0971581674664,29.8749937987822,"Federov with Uniform Sample","b297d00b-8c9c-4345-a6a2-27e772cc1012",0.1,25,0,1,0.15,"linear",0,61
0.556079848751363,1.48165834848361,1.67258746619938,27.0513388931617,30.3927449668147,"Federov with Biased Sample","b297d00b-8c9c-4345-a6a2-27e772cc1012",0.1,28,1,1,0.15,"linear",0,61
0.263082137553656,4.91957272581368,2.22961157307168,89.1219899075084,43.3002020475332,"Federov with Uniform Sample","b297d00b-8c9c-4345-a6a2-27e772cc1012",0.1,10,0,2,0.15,"linear",0,61
0.551069245043027,3.03140952678452,1.40637502744498,54.2522964909176,24.804740757657,"Federov with Biased Sample","b297d00b-8c9c-4345-a6a2-27e772cc1012",0.1,14,0,2,0.15,"linear",0,61
0.261587457015024,9.3080968229679,5.44901882825423,169.446223468786,98.8543818803661,"Federov with Uniform Sample","b297d00b-8c9c-4345-a6a2-27e772cc1012",0.1,9,2,4,0.15,"linear",0,61
0.560185214967703,4.79812144738398,3.7711093501259,89.1747598754422,69.4254291308152,"Federov with Biased Sample","b297d00b-8c9c-4345-a6a2-27e772cc1012",0.1,22,0,4,0.15,"linear",0,61
0.259497723878749,22.3509922710673,13.069946135674,424.030766892044,247.761871699149,"Federov with Uniform Sample","b297d00b-8c9c-4345-a6a2-27e772cc1012",0.1,14,3,8,0.15,"linear",0,61
0.554701069476028,10.3935642218615,3.30511141935581,199.237727675099,73.5167255426724,"Federov with Biased Sample","b297d00b-8c9c-4345-a6a2-27e772cc1012",0.1,3,1,8,0.15,"linear",0,61
0.26573514225781,36.6262988351842,14.6157522595605,678.810048182268,264.271688964144,"Federov with Uniform Sample","b297d00b-8c9c-4345-a6a2-27e772cc1012",0.1,4,4,16,0.15,"linear",0,61
0.564752955078917,26.9452552751972,11.8426697611355,497.278312573852,221.98503078723,"Federov with Biased Sample","b297d00b-8c9c-4345-a6a2-27e772cc1012",0.1,4,5,16,0.15,"linear",0,61
0.258015326460622,68.1186655860653,27.8673281918848,1241.2518287999,512.429964568411,"Federov with Uniform Sample","b297d00b-8c9c-4345-a6a2-27e772cc1012",0.1,4,5,32,0.15,"linear",0,61
0.554550985495658,51.5176513256784,29.6777843901478,914.144295015839,520.49601195286,"Federov with Biased Sample","b297d00b-8c9c-4345-a6a2-27e772cc1012",0.1,19,2,32,0.15,"linear",0,61
0.258802551211068,157.503649662695,94.3759000608522,2886.64873047358,1728.10293414223,"Federov with Uniform Sample","b297d00b-8c9c-4345-a6a2-27e772cc1012",0.1,29,4,64,0.15,"linear",0,61
0.557557088428333,97.9440696049811,49.3486936186148,1789.1227525096,907.093019056106,"Federov with Biased Sample","b297d00b-8c9c-4345-a6a2-27e772cc1012",0.1,9,4,64,0.15,"linear",0,61
0.265159358722993,2.5772992876947,1.45799690813044,47.4955561275238,26.5067741277492,"Federov with Uniform Sample","b297d00b-8c9c-4345-a6a2-27e772cc1012",0.01,15,0,1,0.15,"linear",0,61
0.54599716675878,1.40216405374601,0.920365547674738,24.6073653523401,17.5764190754981,"Federov with Biased Sample","b297d00b-8c9c-4345-a6a2-27e772cc1012",0.01,20,0,1,0.15,"linear",0,61
0.25926967958702,4.90334063573091,1.29547361226519,90.8096642115138,24.7506099778661,"Federov with Uniform Sample","b297d00b-8c9c-4345-a6a2-27e772cc1012",0.01,5,0,2,0.15,"linear",0,61
0.554486701986205,2.65619294091526,1.41362540441475,49.1996445966865,26.7745708120903,"Federov with Biased Sample","b297d00b-8c9c-4345-a6a2-27e772cc1012",0.01,7,1,2,0.15,"linear",0,61
0.262888018514971,10.1756845374045,5.33191008028216,189.061273694194,99.4158568211267,"Federov with Uniform Sample","b297d00b-8c9c-4345-a6a2-27e772cc1012",0.01,3,4,4,0.15,"linear",0,61
0.555878721638952,6.26311823685571,2.4345464427294,112.232413295431,48.8295510592592,"Federov with Biased Sample","b297d00b-8c9c-4345-a6a2-27e772cc1012",0.01,1,2,4,0.15,"linear",0,61
0.260984710546304,24.2827611035975,6.43090558513907,451.640477501736,121.208988550836,"Federov with Uniform Sample","b297d00b-8c9c-4345-a6a2-27e772cc1012",0.01,1,4,8,0.15,"linear",0,61
0.554374212400744,9.45683086461669,3.2180016307547,168.010570518801,60.7602051689286,"Federov with Biased Sample","b297d00b-8c9c-4345-a6a2-27e772cc1012",0.01,1,2,8,0.15,"linear",0,61
0.257693659037566,42.8569981166072,42.8569981166072,779.642694086769,779.642694086769,"Federov with Uniform Sample","b297d00b-8c9c-4345-a6a2-27e772cc1012",0.01,56,0,16,0.15,"linear",0,61
0.551839553235475,32.8787150362299,32.8787150362299,579.876902911847,579.876902911847,"Federov with Biased Sample","b297d00b-8c9c-4345-a6a2-27e772cc1012",0.01,56,0,16,0.15,"linear",0,61
0.259384749865108,71.0558098070606,19.8575403220002,1370.7290981254,394.413301556249,"Federov with Uniform Sample","b297d00b-8c9c-4345-a6a2-27e772cc1012",0.01,2,5,32,0.15,"linear",0,61
0.561256130801327,48.5697732686782,14.6641629407821,882.082013252896,263.90885094144,"Federov with Biased Sample","b297d00b-8c9c-4345-a6a2-27e772cc1012",0.01,2,5,32,0.15,"linear",0,61
0.256000525053932,125.550932516625,125.550932516625,2333.78802888323,2333.78802888323,"Federov with Uniform Sample","b297d00b-8c9c-4345-a6a2-27e772cc1012",0.01,56,0,64,0.15,"linear",0,61
0.554836772989843,115.59087268185,115.59087268185,2288.30348460293,2288.30348460293,"Federov with Biased Sample","b297d00b-8c9c-4345-a6a2-27e772cc1012",0.01,56,0,64,0.15,"linear",0,61
0.252660367984486,2.36034770096501,2.52305499151319,42.6850530559232,44.8438190445365,"Federov with Uniform Sample","b297d00b-8c9c-4345-a6a2-27e772cc1012",0.001,3,2,1,0.15,"linear",0,61
0.550523578576093,1.612191988103,0.602643701589099,31.225244433793,13.1216101642156,"Federov with Biased Sample","b297d00b-8c9c-4345-a6a2-27e772cc1012",0.001,12,0,1,0.15,"linear",0,61
0.261385099738104,5.03169576338188,4.84519552159579,93.5997721249357,88.7344046130726,"Federov with Uniform Sample","b297d00b-8c9c-4345-a6a2-27e772cc1012",0.001,1,4,2,0.15,"linear",0,61
0.558376291624143,3.76632454088571,2.29994564889762,70.6771943578321,43.9751726739243,"Federov with Biased Sample","b297d00b-8c9c-4345-a6a2-27e772cc1012",0.001,1,2,2,0.15,"linear",0,61
0.256878137779016,8.7528930353175,8.7528930353175,165.607851148925,165.607851148925,"Federov with Uniform Sample","b297d00b-8c9c-4345-a6a2-27e772cc1012",0.001,56,0,4,0.15,"linear",0,61
0.558805139849199,5.53533482885589,4.65429980163884,103.190104155355,92.8388330080184,"Federov with Biased Sample","b297d00b-8c9c-4345-a6a2-27e772cc1012",0.001,1,3,4,0.15,"linear",0,61
0.260813834537894,19.2442781744592,19.2442781744592,347.924010009237,347.924010009237,"Federov with Uniform Sample","b297d00b-8c9c-4345-a6a2-27e772cc1012",0.001,56,0,8,0.15,"linear",0,61
0.548967868479875,13.1134250911725,6.1583095284184,235.977069218187,110.533132733249,"Federov with Biased Sample","b297d00b-8c9c-4345-a6a2-27e772cc1012",0.001,1,4,8,0.15,"linear",0,61
0.260642011747609,40.3130590169325,40.3130590169325,730.943730626705,730.943730626705,"Federov with Uniform Sample","b297d00b-8c9c-4345-a6a2-27e772cc1012",0.001,56,0,16,0.15,"linear",0,61
0.551620992824862,24.0501635102979,24.0501635102979,450.801699451502,450.801699451502,"Federov with Biased Sample","b297d00b-8c9c-4345-a6a2-27e772cc1012",0.001,56,0,16,0.15,"linear",0,61
0.261385227013956,63.1219751702944,63.1219751702944,1135.94412417875,1135.94412417875,"Federov with Uniform Sample","b297d00b-8c9c-4345-a6a2-27e772cc1012",0.001,56,0,32,0.15,"linear",0,61
0.552281484644728,37.4478806642988,37.4478806642988,678.394852508772,678.394852508772,"Federov with Biased Sample","b297d00b-8c9c-4345-a6a2-27e772cc1012",0.001,56,0,32,0.15,"linear",0,61
0.259495589263808,149.235674265736,149.235674265736,2668.87295446362,2668.87295446362,"Federov with Uniform Sample","b297d00b-8c9c-4345-a6a2-27e772cc1012",0.001,56,0,64,0.15,"linear",0,61
0.551266902561299,106.996782387757,106.996782387757,2000.45988048565,2000.45988048565,"Federov with Biased Sample","b297d00b-8c9c-4345-a6a2-27e772cc1012",0.001,56,0,64,0.15,"linear",0,61
0.109005943222123,6.32109018561488,3.11633121455701,61.8652843972646,40.0594769885637,"Federov with Uniform Sample","250c9014-0930-4d06-bd09-f03d3dd12cf6",0.1,61,0,1,0.15,"quadratic",0.08,121
0.165964293324865,4.15415093793721,1.85217818901153,47.9833679182982,24.9646249502232,"Federov with Biased Sample","250c9014-0930-4d06-bd09-f03d3dd12cf6",0.1,58,0,1,0.15,"quadratic",0.08,121
0.108566600619648,13.3594323739439,4.65875166837725,141.934599847283,55.0804401158624,"Federov with Uniform Sample","250c9014-0930-4d06-bd09-f03d3dd12cf6",0.1,30,2,2,0.15,"quadratic",0.08,121
0.16698481850193,8.47834086543077,5.36372829922397,97.3011990326,62.3680466033303,"Federov with Biased Sample","250c9014-0930-4d06-bd09-f03d3dd12cf6",0.1,63,0,2,0.15,"quadratic",0.08,121
0.10963400730909,17.0747189363514,10.2740471405154,192.702964016799,117.220501997331,"Federov with Uniform Sample","250c9014-0930-4d06-bd09-f03d3dd12cf6",0.1,27,2,4,0.15,"quadratic",0.08,121
0.165046918747413,15.0952356423419,5.55688299111039,186.714215170704,71.384465493976,"Federov with Biased Sample","250c9014-0930-4d06-bd09-f03d3dd12cf6",0.1,33,0,4,0.15,"quadratic",0.08,121
0.109979725198503,40.6026956008134,10.3092777245534,452.534067840667,137.497454331203,"Federov with Uniform Sample","250c9014-0930-4d06-bd09-f03d3dd12cf6",0.1,11,5,8,0.15,"quadratic",0.08,121
0.164913723853141,25.0315817782475,10.8405579033046,309.300609914727,136.936023557736,"Federov with Biased Sample","250c9014-0930-4d06-bd09-f03d3dd12cf6",0.1,19,4,8,0.15,"quadratic",0.08,121
0.109632813952343,101.31329205742,14.0422719743103,970.677675264862,179.997000925353,"Federov with Uniform Sample","250c9014-0930-4d06-bd09-f03d3dd12cf6",0.1,2,8,16,0.15,"quadratic",0.08,121
0.165215727152966,57.4182184305489,21.6536154526121,679.654712375995,271.13269142799,"Federov with Biased Sample","250c9014-0930-4d06-bd09-f03d3dd12cf6",0.1,8,6,16,0.15,"quadratic",0.08,121
0.109527271422101,170.845965926607,32.1883730781457,2175.00065721608,440.90568012705,"Federov with Uniform Sample","250c9014-0930-4d06-bd09-f03d3dd12cf6",0.1,8,9,32,0.15,"quadratic",0.08,121
0.162315087835513,116.62620330995,37.2136014008684,1364.98843295803,403.165775312788,"Federov with Biased Sample","250c9014-0930-4d06-bd09-f03d3dd12cf6",0.1,11,6,32,0.15,"quadratic",0.08,121
0.108492168328298,273.13345810648,99.033497642407,3441.47420561699,1292.52355169346,"Federov with Uniform Sample","250c9014-0930-4d06-bd09-f03d3dd12cf6",0.1,23,10,64,0.15,"quadratic",0.08,121
0.164563693242812,240.682220947509,43.5991533814292,3171.08049012229,593.665380300999,"Federov with Biased Sample","250c9014-0930-4d06-bd09-f03d3dd12cf6",0.1,3,9,64,0.15,"quadratic",0.08,121
0.108689814932463,6.01795219533435,2.54720997643296,72.3705524904388,31.8447015034535,"Federov with Uniform Sample","250c9014-0930-4d06-bd09-f03d3dd12cf6",0.01,31,2,1,0.15,"quadratic",0.08,121
0.165505203781077,3.54318375454419,2.20059424387658,41.8818728489623,25.388994453623,"Federov with Biased Sample","250c9014-0930-4d06-bd09-f03d3dd12cf6",0.01,23,2,1,0.15,"quadratic",0.08,121
0.109088545816424,12.1769657104722,2.24317183724698,139.100370791193,25.5968477028407,"Federov with Uniform Sample","250c9014-0930-4d06-bd09-f03d3dd12cf6",0.01,6,2,2,0.15,"quadratic",0.08,121
0.166161302393766,7.14075118380614,2.15037502011471,85.6708545440694,24.8088066776482,"Federov with Biased Sample","250c9014-0930-4d06-bd09-f03d3dd12cf6",0.01,9,2,2,0.15,"quadratic",0.08,121
0.109508239414609,17.8866359775044,7.43445875842391,202.239204973003,94.851057565383,"Federov with Uniform Sample","250c9014-0930-4d06-bd09-f03d3dd12cf6",0.01,9,5,4,0.15,"quadratic",0.08,121
0.165580994566027,15.3274303261384,7.59038619672025,183.387838136356,84.85352791959,"Federov with Biased Sample","250c9014-0930-4d06-bd09-f03d3dd12cf6",0.01,6,4,4,0.15,"quadratic",0.08,121
0.108309555847416,42.4269384234858,9.98552994938238,494.034947398723,138.280192422587,"Federov with Uniform Sample","250c9014-0930-4d06-bd09-f03d3dd12cf6",0.01,1,8,8,0.15,"quadratic",0.08,121
0.163989042094419,30.9235547465887,9.23035609308824,366.954028327589,113.58651720196,"Federov with Biased Sample","250c9014-0930-4d06-bd09-f03d3dd12cf6",0.01,2,6,8,0.15,"quadratic",0.08,121
0.107796248620369,82.8809751436734,82.8809751436734,960.59483558563,960.59483558563,"Federov with Uniform Sample","250c9014-0930-4d06-bd09-f03d3dd12cf6",0.01,111,0,16,0.15,"quadratic",0.08,121
0.163196333727443,62.406319228415,10.9665024362547,716.999099212753,158.731513141803,"Federov with Biased Sample","250c9014-0930-4d06-bd09-f03d3dd12cf6",0.01,1,9,16,0.15,"quadratic",0.08,121
0.10834357243624,157.148876586572,34.1177833957708,1798.2445430515,494.060031428057,"Federov with Uniform Sample","250c9014-0930-4d06-bd09-f03d3dd12cf6",0.01,8,9,32,0.15,"quadratic",0.08,121
0.164232147393059,163.595365115843,163.595365115843,1842.07088932861,1842.07088932861,"Federov with Biased Sample","250c9014-0930-4d06-bd09-f03d3dd12cf6",0.01,111,0,32,0.15,"quadratic",0.08,121
0.108801197974654,415.230646976116,415.230646976116,4755.71936980698,4755.71936980698,"Federov with Uniform Sample","250c9014-0930-4d06-bd09-f03d3dd12cf6",0.01,111,0,64,0.15,"quadratic",0.08,121
0.164521287879493,194.551659664887,194.551659664887,2435.75318249063,2435.75318249063,"Federov with Biased Sample","250c9014-0930-4d06-bd09-f03d3dd12cf6",0.01,111,0,64,0.15,"quadratic",0.08,121
0.109186559658893,4.85411255971408,2.1221938567725,54.5682294476198,22.1885996089155,"Federov with Uniform Sample","250c9014-0930-4d06-bd09-f03d3dd12cf6",0.001,21,2,1,0.15,"quadratic",0.08,121
0.166105491383454,4.55266841266612,1.6688119985911,54.9386194623597,19.3899389067117,"Federov with Biased Sample","250c9014-0930-4d06-bd09-f03d3dd12cf6",0.001,24,1,1,0.15,"quadratic",0.08,121
0.108670424510529,8.21549485481828,6.30331456738579,101.719024957441,56.2466437801281,"Federov with Uniform Sample","250c9014-0930-4d06-bd09-f03d3dd12cf6",0.001,2,4,2,0.15,"quadratic",0.08,121
0.165712962626044,7.54529689104011,2.33808829754428,100.923950309299,30.5228005191349,"Federov with Biased Sample","250c9014-0930-4d06-bd09-f03d3dd12cf6",0.001,10,1,2,0.15,"quadratic",0.08,121
0.10931744095826,20.7331101565702,7.16824544662368,221.587014615358,69.4793162286421,"Federov with Uniform Sample","250c9014-0930-4d06-bd09-f03d3dd12cf6",0.001,1,4,4,0.15,"quadratic",0.08,121
0.163985603867382,13.4759452408769,6.88586075573714,174.462981404181,67.3266671888723,"Federov with Biased Sample","250c9014-0930-4d06-bd09-f03d3dd12cf6",0.001,2,4,4,0.15,"quadratic",0.08,121
0.106956900593789,52.1198704285177,52.1198704285177,495.387911429585,495.387911429585,"Federov with Uniform Sample","250c9014-0930-4d06-bd09-f03d3dd12cf6",0.001,111,0,8,0.15,"quadratic",0.08,121
0.164876106409187,36.4623542319425,10.8917887227368,462.716693753402,157.759749379806,"Federov with Biased Sample","250c9014-0930-4d06-bd09-f03d3dd12cf6",0.001,1,9,8,0.15,"quadratic",0.08,121
0.10829625702813,93.5528026543188,93.5528026543188,1060.84923838417,1060.84923838417,"Federov with Uniform Sample","250c9014-0930-4d06-bd09-f03d3dd12cf6",0.001,111,0,16,0.15,"quadratic",0.08,121
0.165123215814168,62.209416603417,62.209416603417,771.474394396412,771.474394396412,"Federov with Biased Sample","250c9014-0930-4d06-bd09-f03d3dd12cf6",0.001,111,0,16,0.15,"quadratic",0.08,121
0.108175638730926,133.389844493836,133.389844493836,1492.00593764432,1492.00593764432,"Federov with Uniform Sample","250c9014-0930-4d06-bd09-f03d3dd12cf6",0.001,111,0,32,0.15,"quadratic",0.08,121
0.16162944320801,121.897540759581,121.897540759581,1603.2132634482,1603.2132634482,"Federov with Biased Sample","250c9014-0930-4d06-bd09-f03d3dd12cf6",0.001,111,0,32,0.15,"quadratic",0.08,121
0.108345566643085,300.45305737054,300.45305737054,3527.18956121142,3527.18956121142,"Federov with Uniform Sample","250c9014-0930-4d06-bd09-f03d3dd12cf6",0.001,111,0,64,0.15,"quadratic",0.08,121
0.167618572266959,221.249614153771,221.249614153771,2815.44793194761,2815.44793194761,"Federov with Biased Sample","250c9014-0930-4d06-bd09-f03d3dd12cf6",0.001,111,0,64,0.15,"quadratic",0.08,121
